0                         5.097204880708786E-10
1000                      1.4477360071862707E-12
2000                      5.651603921780226E-16
3000                      5.298443597993597E-13
4000                      1.6691379318611572E-13
5000                      3.186861251728028E-13
6000                      2.6356823821876563E-14
7000                      5.881213155864497E-14
8000                      3.5669584835833104E-14
9000                      5.215670010017755E-13
10000                     1.2221433760813044E-12
11000                     1.2319942990502628E-14
12000                     6.218398204844061E-18
13000                     1.868677878955365E-14
14000                     3.5655414314949106E-16
15000                     1.7099546237939285E-13
16000                     6.589363168132892E-14
17000                     3.942220072959605E-12
18000                     9.956548368238446E-14
19000                     8.867440413409196E-15
20000                     1.3573300349817782E-13
21000                     1.1249378426186857E-12
22000                     1.9515372764941537E-15
23000                     1.252469513680807E-15
24000                     1.8191500112592484E-15
25000                     7.226573164412291E-15
26000                     1.0823078367566893E-15
27000                     2.43104881098209E-12
28000                     1.464115520583085E-13
29000                     2.69165414115999E-16
30000                     1.1481394751299167E-16
31000                     5.871770517041321E-13
32000                     7.362269067883453E-14
33000                     6.559911874148085E-13
34000                     4.8700930086021886E-14
35000                     3.526499161102187E-13
36000                     9.322699704503481E-13
37000                     9.29859932002216E-13
38000                     4.154191160045519E-14
39000                     2.8393240690835197E-13
40000                     2.303163766741037E-13
41000                     1.0925005322475487E-12
42000                     9.10098867702974E-14
43000                     3.6909626954316233E-13
44000                     3.843095117786292E-14
45000                     6.057625690808141E-13
46000                     1.2862167645870306E-14
47000                     9.997972594870479E-14
48000                     4.2164444668596237E-13
49000                     1.4064785638543817E-12
50000                     1.3496280955774155E-13
51000                     2.198767065441188E-14
52000                     9.025287281471935E-13
53000                     1.5507966770885066E-12
54000                     1.4913499639203991E-13
55000                     7.195368399688386E-13
56000                     9.378470287052459E-13
57000                     4.765317121741966E-12
58000                     1.5899928420906496E-12
59000                     5.59229042009943E-15
60000                     4.906658831631543E-13
61000                     2.7565555845942797E-14
62000                     3.577421494698516E-15
63000                     1.194497950130138E-15
64000                     1.0119016728988268E-13
65000                     4.826751792888634E-13
66000                     3.577778177118738E-15
67000                     3.4614802353416454E-14
68000                     6.573000164886076E-13
69000                     8.047514487332068E-13
70000                     1.3369431052703873E-13
71000                     3.1145603539848636E-13
72000                     2.2549662339080864E-12
73000                     3.258886527101992E-13
74000                     2.2090375448600273E-13
75000                     1.924708742386898E-12
76000                     2.9600398073258595E-12
77000                     7.283346574024354E-13
78000                     2.403877597925809E-13
79000                     2.8725595183102892E-12
80000                     9.147951996326104E-13
81000                     2.595117658816642E-13
82000                     7.71359614983203E-14
83000                     1.7046814053660813E-12
84000                     5.6482265852366154E-12
85000                     2.7816909126507918E-12
86000                     2.4225765343889316E-13
87000                     2.762093139457476E-13
88000                     1.9244205489569793E-15
89000                     3.197625319119917E-13
90000                     8.371186140799836E-13
91000                     3.370709538807482E-14
92000                     1.0048464697533207E-14
93000                     2.799708837356915E-13
94000                     1.9178384884013682E-13
95000                     4.410491599034551E-14
96000                     4.3967953230572776E-13
97000                     1.5657681943407952E-12
98000                     4.7692365423513224E-14
99000                     7.42892377848811E-14
100000                    2.2312835185034682E-12
101000                    2.746052795762087E-12
102000                    6.957254349584481E-13
103000                    1.765236441950765E-13
104000                    2.5459267769989972E-14
105000                    3.1542424077171526E-13
106000                    9.228357893405136E-14
107000                    3.210952504713063E-14
108000                    9.78676037995756E-13
109000                    2.0132094461974872E-12
110000                    1.8724535387709643E-13
111000                    9.959790573810112E-14
112000                    2.8711467595779385E-12
113000                    2.4264565796178975E-12
114000                    6.124794995259131E-13
115000                    2.289084189030316E-13
116000                    1.1407186150539571E-12
117000                    5.63356203010907E-12
118000                    1.3230100461952041E-12
119000                    5.8360467402069E-14
120000                    1.6654841822478436E-13
121000                    2.940866561641287E-12
122000                    6.291692859843955E-12
123000                    6.507545044692685E-13
124000                    1.6895220310214054E-13
125000                    1.3222999146338203E-14
126000                    2.9715271071343984E-12
127000                    4.476495562628815E-12
128000                    2.4051914842806004E-12
129000                    2.1868893559033962E-13
130000                    5.851659492741969E-14
131000                    3.3602771875623314E-14
132000                    4.049310362178749E-12
133000                    5.238276974610091E-12
134000                    2.693143203362837E-12
135000                    6.10880655068671E-14
136000                    9.015602370609007E-14
137000                    3.8547869258021757E-13
138000                    7.371082940877514E-12
139000                    5.246264071907165E-12
140000                    6.773233937993173E-13
141000                    4.88547227931676E-13
142000                    1.2953409634110425E-12
143000                    6.506746872372539E-12
144000                    4.19577744861606E-12
145000                    7.107914999556446E-13
146000                    5.278183994068508E-13
147000                    2.0229968088335833E-12
148000                    5.657305778996859E-12
149000                    5.775144050910096E-12
150000                    7.749412831754274E-12
151000                    3.6724680861655805E-12
152000                    4.659688299619058E-13
153000                    4.4874752003986247E-13
154000                    6.518201981336841E-13
155000                    2.9743553659668727E-12
156000                    6.302628856641226E-12
157000                    5.731072433158452E-12
158000                    5.1875174940011984E-12
159000                    2.0094399566889196E-12
160000                    6.668892666859547E-13
161000                    1.1062583381582944E-12
162000                    4.961355872940737E-12
163000                    4.987885814503951E-12
164000                    8.51014215041428E-12
165000                    5.324707419482974E-12
166000                    7.966606974723604E-13
167000                    5.481006547105656E-13
168000                    1.1230041475325167E-12
169000                    5.7509500306747186E-12
170000                    4.954743075199735E-12
171000                    1.1893874317920323E-12
172000                    4.986534719602211E-13
173000                    1.1093026186499628E-13
174000                    1.2065028801521326E-12
175000                    4.3847121627474436E-12
176000                    2.545147596914804E-12
177000                    1.6321552553877405E-13
178000                    9.632088550924882E-13
179000                    6.44964635359972E-13
180000                    9.756181873805746E-13
181000                    3.868891029634408E-12
182000                    6.698683337659568E-12
183000                    7.222225266565517E-12
184000                    7.224089548913007E-12
185000                    8.815409701830864E-12
186000                    1.0580313811975687E-11
187000                    9.226659116835753E-12
188000                    6.143824714701437E-12
189000                    3.405354398544425E-12
190000                    2.4291962232515016E-13
191000                    8.097622895954578E-13
192000                    3.2311633707367795E-13
193000                    1.6443425831346453E-12
194000                    5.096286851424437E-12
195000                    7.010411441949798E-12
196000                    6.1742041583969625E-12
197000                    4.226236588644657E-12
198000                    1.7872339510924945E-12
199000                    4.607944172967125E-13
200000                    6.533310096109206E-13
201000                    4.1230714164745805E-13
202000                    3.106818714930724E-12
203000                    6.6034668251764614E-12
204000                    5.798112305323039E-12
205000                    2.7928613973254753E-12
206000                    1.3022970938528074E-12
207000                    3.6051639067186655E-14
208000                    5.251613477876186E-13
209000                    3.006780560893476E-13
210000                    9.515484308570357E-13
211000                    3.2609242219972264E-12
212000                    5.297561552727236E-12
213000                    6.4799627663781795E-12
214000                    6.790098865456886E-12
215000                    5.759728901953869E-12
216000                    3.8764787981421234E-12
217000                    1.5798842926523133E-12
218000                    7.954927843853519E-13
219000                    1.2116809276950155E-12
220000                    5.799742371838836E-13
221000                    7.676982646308261E-13
222000                    2.94067777259487E-12
223000                    3.417121910613626E-12
224000                    3.1126825169462956E-12
225000                    1.6783232178788775E-12
226000                    8.290777233724075E-13
227000                    2.2662769911572137E-12
228000                    2.3727283467784817E-12
229000                    2.33114395001964E-12
230000                    2.5291149821682575E-12
231000                    2.8280738682332267E-12
232000                    3.3826542242598797E-12
233000                    4.0361415736594435E-12
234000                    4.635490742480138E-12
235000                    5.273666536523117E-12
236000                    6.037155220302202E-12
237000                    6.8940041046191416E-12
238000                    7.891974893746426E-12
239000                    9.012502110274174E-12
240000                    1.0313614399576628E-11
241000                    1.1774801407841995E-11
242000                    1.346151163647755E-11
243000                    1.5365205393666235E-11
244000                    1.7550029565629338E-11
245000                    2.0027870995461857E-11
246000                    2.285571050835988E-11
247000                    2.6076430219293008E-11
248000                    2.9733121331325135E-11
249000                    3.391397466150951E-11
250000                    3.8638576589390356E-11
251000                    4.4059760948072114E-11
252000                    5.015989636078869E-11
253000                    5.7179832100863376E-11
254000                    6.504856019869947E-11
255000                    7.412685770800746E-11
256000                    8.427595076921852E-11
257000                    9.59951637488977E-11
258000                    1.0912101137995616E-10
259000                    1.2418662124209283E-10
260000                    1.4114009444734864E-10
261000                    1.6048988245340238E-10
262000                    1.8235852194058857E-10
263000                    2.0718962949958506E-10
264000                    2.353659130924394E-10
265000                    2.6720995379528703E-10
266000                    3.0348153866006993E-10
267000                    3.442864310067927E-10
268000                    3.90876443948374E-10
269000                    4.430760808220432E-10
270000                    5.028712550252005E-10
271000                    5.696375032396515E-10
272000                    6.462705723376506E-10
273000                    7.316681232551281E-10
274000                    8.296018174373807E-10
275000                    9.38938293624527E-10
276000                    1.0636727669980477E-9
277000                    1.2035570410668136E-9
278000                    1.3622819095527652E-9
279000                    1.5409608150057016E-9
280000                    1.7426722131476252E-9
281000                    1.970472389909128E-9
282000                    2.226338428468947E-9
283000                    2.5158929020197887E-9
284000                    2.8397554666772626E-9
285000                    3.2073993764391538E-9
286000                    3.6169839665714432E-9
287000                    4.082032005208324E-9
288000                    4.598096638074679E-9
289000                    5.185187960529353E-9
290000                    5.8357667676447114E-9
291000                    6.572309688660125E-9
292000                    7.388688494787711E-9
293000                    8.308418743509088E-9
294000                    9.330920870508802E-9
295000                    1.0473479893721919E-8
296000                    1.174265747375734E-8
297000                    1.315264993465569E-8
298000                    1.4719670314310846E-8
299000                    1.6448298282149707E-8
300000                    1.8361114546653513E-8
300100                    1.8561905069194456E-8
300200                    1.876442448193368E-8
300300                    1.896867278487118E-8
300400                    1.9174649978006974E-8
300500                    1.9382356061341043E-8
300600                    1.95917910348734E-8
300700                    1.9803249723318215E-8
300800                    2.0019220255516508E-8
300900                    2.0237193595812547E-8
301000                    2.0457169744206344E-8
301100                    2.0679148700697894E-8
301200                    2.0903130465287192E-8
301300                    2.112911503797425E-8
301400                    2.1357102418759063E-8
301500                    2.158709260764163E-8
301600                    2.1819085604621944E-8
301700                    2.2053081409700018E-8
301800                    2.2289080022875846E-8
301900                    2.252708144414942E-8
302000                    2.2767085673520755E-8
302100                    2.300909271098984E-8
302200                    2.3253102556556682E-8
302300                    2.3499115210221277E-8
302400                    2.3747130671983625E-8
302500                    2.3997148941843725E-8
302600                    2.424917001980158E-8
302700                    2.4503193905857188E-8
302800                    2.475922060001055E-8
302900                    2.5019230234141514E-8
303000                    2.528184606787277E-8
303100                    2.5546680627391518E-8
303200                    2.5813733912697757E-8
303300                    2.608300592379147E-8
303400                    2.6354496660672677E-8
303500                    2.6628206123341366E-8
303600                    2.6904134311797543E-8
303700                    2.7182281226041216E-8
303800                    2.746264686607237E-8
303900                    2.774523123189101E-8
304000                    2.803003432349713E-8
304100                    2.831705614089075E-8
304200                    2.8606296684071848E-8
304300                    2.8897755953040434E-8
304400                    2.9191433947796515E-8
304500                    2.948733066834008E-8
304600                    2.9785446114671123E-8
304700                    3.008578028678966E-8
304800                    3.0388333184695684E-8
304900                    3.069310480838919E-8
305000                    3.1000450425727154E-8
305100                    3.131034032506288E-8
305200                    3.1622507167655544E-8
305300                    3.193695095350511E-8
305400                    3.22536716826116E-8
305500                    3.2572669354975005E-8
305600                    3.289394397059534E-8
305700                    3.3217495529472594E-8
305800                    3.3543324031606765E-8
305900                    3.387142947699785E-8
306000                    3.420181186564586E-8
306100                    3.453447119755079E-8
306200                    3.486940747271264E-8
306300                    3.520662069113141E-8
306400                    3.55461108528071E-8
306500                    3.5887877957739704E-8
306600                    3.623192200592923E-8
306700                    3.657824299737568E-8
306800                    3.6926840932079044E-8
306900                    3.727771581003933E-8
307000                    3.7630867631256534E-8
307100                    3.798629639573066E-8
307200                    3.83440021034617E-8
307300                    3.8703984754449654E-8
307400                    3.906624434869454E-8
307500                    3.9430780886196336E-8
307600                    3.9797594366955074E-8
307700                    4.0166684790970705E-8
307800                    4.0538052158243276E-8
307900                    4.0911696468772754E-8
308000                    4.128761772255916E-8
308100                    4.1665815919602476E-8
308200                    4.2046291059902714E-8
308300                    4.2429043143459865E-8
308400                    4.281407217027395E-8
308500                    4.3201378140344954E-8
308600                    4.359096105367288E-8
308700                    4.39828209102577E-8
308800                    4.4376957710099474E-8
308900                    4.4773371453198145E-8
309000                    4.517206213955374E-8
309100                    4.5573029769166254E-8
309200                    4.597614585716571E-8
309300                    4.637412931204323E-8
309400                    4.6774043741402846E-8
309500                    4.7175889145244564E-8
309600                    4.7579665523568385E-8
309700                    4.798537287637431E-8
309800                    4.8393011203662325E-8
309900                    4.8802580505432436E-8
310000                    4.921408078168465E-8
310100                    4.962751203241898E-8
310200                    5.004287425763538E-8
310300                    5.0460167457333894E-8
310400                    5.087939163151451E-8
310500                    5.130054678017722E-8
310600                    5.172363290332204E-8
310700                    5.2148650000948955E-8
310800                    5.257559807305796E-8
310900                    5.3004477119649074E-8
311000                    5.343528714072229E-8
311100                    5.3868028136277594E-8
311200                    5.4302700106315006E-8
311300                    5.4739303050834516E-8
311400                    5.517783696983612E-8
311500                    5.561830186331983E-8
311600                    5.606069773128563E-8
311700                    5.650502457373355E-8
311800                    5.6951282390663555E-8
311900                    5.739947118207566E-8
312000                    5.784959094796986E-8
312100                    5.830164168834617E-8
312200                    5.875562340320457E-8
312300                    5.921153609254508E-8
312400                    5.966937975636768E-8
312500                    6.012915439467238E-8
312600                    6.059086000745918E-8
312700                    6.105449659472809E-8
312800                    6.152006415647908E-8
312900                    6.198756269271218E-8
313000                    6.245699220342738E-8
313100                    6.292835268862468E-8
313200                    6.34016441483041E-8
313300                    6.387686658246558E-8
313400                    6.435401999110917E-8
313500                    6.482227217265586E-8
313600                    6.527974097469486E-8
313700                    6.573808231894027E-8
313800                    6.619729620539212E-8
313900                    6.66573826340504E-8
314000                    6.71183416049151E-8
314100                    6.758017311798626E-8
314200                    6.804287717326383E-8
314300                    6.850645377074783E-8
314400                    6.897090291043825E-8
314500                    6.943622459233512E-8
314600                    6.990241881643842E-8
314700                    7.036948558274814E-8
314800                    7.083742489126428E-8
314900                    7.130623674198688E-8
315000                    7.177592113491588E-8
315100                    7.224647807005134E-8
315200                    7.271790754739321E-8
315300                    7.319020956694152E-8
315400                    7.366338412869627E-8
315500                    7.413743123265742E-8
315600                    7.461235087882502E-8
315700                    7.508814306719905E-8
315800                    7.556480779777953E-8
315900                    7.60423450705664E-8
316000                    7.652075488555972E-8
316100                    7.700003724275946E-8
316200                    7.748019214216566E-8
316300                    7.796121958377828E-8
316400                    7.844311956759731E-8
316500                    7.89258920936228E-8
316600                    7.940953716185469E-8
316700                    7.989405477229301E-8
316800                    8.037944492493777E-8
316900                    8.086570761978899E-8
317000                    8.13528428568466E-8
317100                    8.184085063611066E-8
317200                    8.232973095758116E-8
317300                    8.281948382125805E-8
317400                    8.331010922714141E-8
317500                    8.380160717523117E-8
317600                    8.429397766552739E-8
317700                    8.478722069803004E-8
317800                    8.524986041620978E-8
317900                    8.570965596784033E-8
318000                    8.616877406965759E-8
318100                    8.662721472166161E-8
318200                    8.708497792385236E-8
318300                    8.754206367622986E-8
318400                    8.799847197879412E-8
318500                    8.84542028315451E-8
318600                    8.890925623448282E-8
318700                    8.93636321876073E-8
318800                    8.98173306909185E-8
318900                    9.027035174441647E-8
319000                    9.072269534810116E-8
319100                    9.11743615019726E-8
319200                    9.162535020603081E-8
319300                    9.207566146027574E-8
319400                    9.25252952647074E-8
319500                    9.297425161932583E-8
319600                    9.342253052413098E-8
319700                    9.387013197912288E-8
319800                    9.43170559843015E-8
319900                    9.47633025396669E-8
320000                    9.520887164521902E-8
320100                    9.565376330095792E-8
320200                    9.609797750688351E-8
320300                    9.654151426299587E-8
320400                    9.698437356929498E-8
320500                    9.742655542578083E-8
320600                    9.786805983245342E-8
320700                    9.830888678931273E-8
320800                    9.874903629635881E-8
320900                    9.918850835359163E-8
321000                    9.962730296101118E-8
321100                    1.0006542011861748E-7
321200                    1.0050285982641052E-7
321300                    1.0093962208439031E-7
321400                    1.0137570689255684E-7
321500                    1.0181111425091011E-7
321600                    1.0224584415945012E-7
321700                    1.0267989661817688E-7
321800                    1.0311327162709037E-7
321900                    1.0354596918619063E-7
322000                    1.0396866671017774E-7
322100                    1.0437548988062934E-7
322200                    1.0478052929394172E-7
322300                    1.051837849501149E-7
322400                    1.0558525684914889E-7
322500                    1.0598494499104368E-7
322600                    1.0638284937579927E-7
322700                    1.0677897000341565E-7
322800                    1.0717330687389281E-7
322900                    1.075658599872308E-7
323000                    1.0795662934342958E-7
323100                    1.0834561494248915E-7
323200                    1.0873281678440953E-7
323300                    1.091182348691907E-7
323400                    1.0950186919683264E-7
323500                    1.098837197673354E-7
323600                    1.1026378658069899E-7
323700                    1.1064206963692336E-7
323800                    1.110185689360085E-7
323900                    1.1139328447795444E-7
324000                    1.1176621626276117E-7
324100                    1.1213736429042877E-7
324200                    1.1250672856095708E-7
324300                    1.1287430907434623E-7
324400                    1.1324010583059616E-7
324500                    1.136041188297069E-7
324600                    1.1396634807167844E-7
324700                    1.1432679355651078E-7
324800                    1.1468545528420389E-7
324900                    1.1504233325475785E-7
325000                    1.1539742746817255E-7
325100                    1.157507379244481E-7
325200                    1.161022646235844E-7
325300                    1.1645200756558152E-7
325400                    1.1679996675043944E-7
325500                    1.1714614217815817E-7
325600                    1.1749053384873767E-7
325700                    1.17833141762178E-7
325800                    1.1817396591847912E-7
325900                    1.18513006317641E-7
326000                    1.188502629596637E-7
326100                    1.191857358445472E-7
326200                    1.1951942497229152E-7
326300                    1.1984506022166112E-7
326400                    1.201674987690235E-7
326500                    1.2048781392705162E-7
326600                    1.2080600569574553E-7
326700                    1.2112207407510524E-7
326800                    1.2143601906513069E-7
326900                    1.2174784066582188E-7
327000                    1.2205753887717886E-7
327100                    1.223651136992016E-7
327200                    1.2267056513189008E-7
327300                    1.2297389317524435E-7
327400                    1.232750978292644E-7
327500                    1.235741790939502E-7
327600                    1.2387113696930176E-7
327700                    1.2416597145531907E-7
327800                    1.244586825520022E-7
327900                    1.2474927025935103E-7
328000                    1.2503773457736566E-7
328100                    1.2532407550604604E-7
328200                    1.2560829304539218E-7
328300                    1.2589038719540412E-7
328400                    1.261703579560818E-7
328500                    1.2644820532742522E-7
328600                    1.2672392930943442E-7
328700                    1.2699752990210943E-7
328800                    1.2726900710545015E-7
328900                    1.2753836091945667E-7
329000                    1.2780559134412892E-7
329100                    1.2807069837946695E-7
329200                    1.2833368202547076E-7
329300                    1.285945422821403E-7
329400                    1.2885327914947564E-7
329500                    1.2910989262747674E-7
329600                    1.293643827161436E-7
329700                    1.296167494154762E-7
329800                    1.298669927254746E-7
329900                    1.3011511264613874E-7
330000                    1.3036110917746866E-7
330100                    1.3060498231946434E-7
330200                    1.308467320721258E-7
330300                    1.3108635843545296E-7
330400                    1.3132386140944598E-7
330500                    1.3156102212196975E-7
330600                    1.3180021341066003E-7
330700                    1.3203755010845615E-7
330800                    1.3227303221535807E-7
330900                    1.3250665973136582E-7
331000                    1.3273843265647943E-7
331100                    1.3296835099069887E-7
331200                    1.3319641473402413E-7
331300                    1.3342262388645524E-7
331400                    1.3364697844799218E-7
331500                    1.3386947841863495E-7
331600                    1.3409012379838356E-7
331700                    1.3430891458723798E-7
331800                    1.3452585078519825E-7
331900                    1.3474093239226437E-7
332000                    1.3495415940843632E-7
332100                    1.351655318337141E-7
332200                    1.3537504966809769E-7
332300                    1.3558271291158715E-7
332400                    1.357885215641824E-7
332500                    1.3599247562588352E-7
332600                    1.3619457509669048E-7
332700                    1.3639481997660326E-7
332800                    1.3659321026562186E-7
332900                    1.3678974596374633E-7
333000                    1.369844270709766E-7
333100                    1.3717725358731274E-7
333200                    1.3736822551275466E-7
333300                    1.3755734284730245E-7
333400                    1.3774460559095606E-7
333500                    1.379300137437155E-7
333600                    1.3811356730558083E-7
333700                    1.3829526627655194E-7
333800                    1.384751106566289E-7
333900                    1.386531004458117E-7
334000                    1.388292356441003E-7
334100                    1.3900351625149479E-7
334200                    1.3917594226799503E-7
334300                    1.3934651369360118E-7
334400                    1.3951523052831314E-7
334500                    1.3968209277213094E-7
334600                    1.398471004250546E-7
334700                    1.4001025348708403E-7
334800                    1.4017882221574616E-7
334900                    1.4034812364190635E-7
335000                    1.4051600784287236E-7
335100                    1.4068247481864418E-7
335200                    1.408475245692218E-7
335300                    1.410111570946052E-7
335400                    1.411733723947944E-7
335500                    1.4133417046978943E-7
335600                    1.4149355131959024E-7
335700                    1.4165151494419688E-7
335800                    1.4180806134360927E-7
335900                    1.4196319051782754E-7
336000                    1.4211690246685154E-7
336100                    1.4226919719068137E-7
336200                    1.42420074689317E-7
336300                    1.4256953496275847E-7
336400                    1.427175780110057E-7
336500                    1.4286420383405873E-7
336600                    1.4300941243191758E-7
336700                    1.4315320380458223E-7
336800                    1.432955779520527E-7
336900                    1.4343653487432892E-7
337000                    1.4357607457141099E-7
337100                    1.4371419704329885E-7
337200                    1.4385090228999253E-7
337300                    1.43986190311492E-7
337400                    1.4412006110779723E-7
337500                    1.4425251467890834E-7
337600                    1.443835510248252E-7
337700                    1.4451317014554787E-7
337800                    1.4464137204107636E-7
337900                    1.4476815671141066E-7
338000                    1.4489352415655071E-7
338100                    1.450174743764966E-7
338200                    1.451400073712483E-7
338300                    1.4526112314080577E-7
338400                    1.4538082168516906E-7
338500                    1.4549910300433816E-7
338600                    1.456159670983131E-7
338700                    1.457314139670938E-7
338800                    1.4584544361068033E-7
338900                    1.4595805602907259E-7
339000                    1.4607145329280167E-7
339100                    1.4619125435834325E-7
339200                    1.463100938599838E-7
339300                    1.464279717977234E-7
339400                    1.46544888171562E-7
339500                    1.4666084298149967E-7
339600                    1.467758362275363E-7
339700                    1.4688986790967194E-7
339800                    1.4700293802790666E-7
339900                    1.4711504658224038E-7
340000                    1.4722619357267308E-7
340100                    1.4733637899920486E-7
340200                    1.4744560286183564E-7
340300                    1.475538651605654E-7
340400                    1.4766116589539422E-7
340500                    1.4776750506632205E-7
340600                    1.4787288267334888E-7
340700                    1.4797729871647475E-7
340800                    1.4808075319569965E-7
340900                    1.481832461110235E-7
341000                    1.4828477746244647E-7
341100                    1.483853472499684E-7
341200                    1.4848495547358937E-7
341300                    1.4858360213330937E-7
341400                    1.4868128722912836E-7
341500                    1.487780107610464E-7
341600                    1.4887377272906342E-7
341700                    1.489685731331795E-7
341800                    1.490624119733946E-7
341900                    1.4915528924970865E-7
342000                    1.492472049621218E-7
342100                    1.4933815911063392E-7
342200                    1.4942815169524512E-7
342300                    1.4951718271595529E-7
342400                    1.4960525217276445E-7
342500                    1.496923600656727E-7
342600                    1.4977850639467997E-7
342700                    1.498636911597862E-7
342800                    1.4994791436099149E-7
342900                    1.5003117599829577E-7
343000                    1.501134760716991E-7
343100                    1.5019481458120144E-7
343200                    1.5027519152680282E-7
343300                    1.503590179566935E-7
343400                    1.504441684291493E-7
343500                    1.5052865556086816E-7
343600                    1.5061247935185E-7
343700                    1.5069563980209497E-7
343800                    1.507781369116029E-7
343900                    1.5085997068037396E-7
344000                    1.5094114110840795E-7
344100                    1.5102164819570504E-7
344200                    1.5110149194226518E-7
344300                    1.5118067234808833E-7
344400                    1.5125918941317453E-7
344500                    1.5133704313752376E-7
344600                    1.5141423352113605E-7
344700                    1.5149076056401136E-7
344800                    1.5156662426614975E-7
344900                    1.5164182462755115E-7
345000                    1.517163616482156E-7
345100                    1.517902353281431E-7
345200                    1.5186344566733362E-7
345300                    1.5193599266578716E-7
345400                    1.5200787632350377E-7
345500                    1.520790966404834E-7
345600                    1.5214965361672607E-7
345700                    1.5221954725223182E-7
345800                    1.5228877754700057E-7
345900                    1.5235734450103237E-7
346000                    1.524252481143272E-7
346100                    1.5249248838688511E-7
346200                    1.5255906531870603E-7
346300                    1.5262497890979E-7
346400                    1.52690229160137E-7
346500                    1.5275481606974696E-7
346600                    1.5281873963862009E-7
346700                    1.528819998667562E-7
346800                    1.529445967541554E-7
346900                    1.5300653030081753E-7
347000                    1.530678005067428E-7
347100                    1.5312840737193107E-7
347200                    1.5318835089638236E-7
347300                    1.5324763108009671E-7
347400                    1.5330624792307414E-7
347500                    1.533650193846784E-7
347600                    1.5342819399717004E-7
347700                    1.5349097379925678E-7
347800                    1.5355335879093853E-7
347900                    1.5361534897221537E-7
348000                    1.5367694434308724E-7
348100                    1.5373814490355417E-7
348200                    1.537989506536162E-7
348300                    1.538593615932733E-7
348400                    1.5391937772252539E-7
348500                    1.5397899904137256E-7
348600                    1.5403822554981482E-7
348700                    1.5409705724785209E-7
348800                    1.5415549413548447E-7
348900                    1.5421353621271188E-7
349000                    1.5427118347953436E-7
349100                    1.5432843593595187E-7
349200                    1.5438529358196444E-7
349300                    1.5444175641757207E-7
349400                    1.5449782444277476E-7
349500                    1.5455349765757253E-7
349600                    1.5460877606196534E-7
349700                    1.5466365965595324E-7
349800                    1.5471814843953612E-7
349900                    1.5477224241271417E-7
350000                    1.548259415754872E-7
350100                    1.5487924592785528E-7
350200                    1.5493215546981848E-7
350300                    1.5498467020137669E-7
350400                    1.5503679012252995E-7
350500                    1.5508851523327828E-7
350600                    1.5513984553362164E-7
350700                    1.551907810235601E-7
350800                    1.552413217030936E-7
350900                    1.5529146757222222E-7
351000                    1.553412186309458E-7
351100                    1.5539057487926446E-7
351200                    1.5543953631717824E-7
351300                    1.5548810294468703E-7
351400                    1.555362747617909E-7
351500                    1.555840517684898E-7
351600                    1.5563143396478377E-7
351700                    1.556784213506728E-7
351800                    1.5572501392615686E-7
351900                    1.55771211691236E-7
352000                    1.558170146459102E-7
352100                    1.558624227901795E-7
352200                    1.559074361240438E-7
352300                    1.5595205464750317E-7
352400                    1.5599627836055762E-7
352500                    1.5604010726320713E-7
352600                    1.5608354135545167E-7
352700                    1.5612658063729128E-7
352800                    1.5616922510872594E-7
352900                    1.5621147476975566E-7
353000                    1.5625332962038042E-7
353100                    1.5629478966060027E-7
353200                    1.5633585489041517E-7
353300                    1.5637652530982514E-7
353400                    1.5641680091883017E-7
353500                    1.5645668171743025E-7
353600                    1.5649616770562537E-7
353700                    1.5653525888341553E-7
353800                    1.565739552508008E-7
353900                    1.566122568077811E-7
354000                    1.566501635543565E-7
354100                    1.5668767549052686E-7
354200                    1.5672479261629237E-7
354300                    1.567615149316529E-7
354400                    1.567978424366085E-7
354500                    1.5683377513115913E-7
354600                    1.5686931301530482E-7
354700                    1.569044560890456E-7
354800                    1.5693920435238143E-7
354900                    1.569735578053123E-7
355000                    1.5700751644783822E-7
355100                    1.5704108027995925E-7
355200                    1.5707424930167526E-7
355300                    1.5710702351298643E-7
355400                    1.5713940291389258E-7
355500                    1.571713875043938E-7
355600                    1.5720297728449007E-7
355700                    1.572341722541814E-7
355800                    1.5726497241346783E-7
355900                    1.5729537776234926E-7
356000                    1.5732577373462113E-7
356100                    1.5736195323379292E-7
356200                    1.5739789021038667E-7
356300                    1.5743358466440243E-7
356400                    1.5746903659584016E-7
356500                    1.5750424600469987E-7
356600                    1.5753921289098156E-7
356700                    1.5757393725468522E-7
356800                    1.576084190958109E-7
356900                    1.576426584143585E-7
357000                    1.5767665521032814E-7
357100                    1.5771040948371974E-7
357200                    1.5774392123453333E-7
357300                    1.5777719046276893E-7
357400                    1.5781021716842641E-7
357500                    1.5784300135150594E-7
357600                    1.5787554301200742E-7
357700                    1.5790784214993097E-7
357800                    1.5793989876527645E-7
357900                    1.579717128580439E-7
358000                    1.5800328442823332E-7
358100                    1.5803461347584474E-7
358200                    1.580657000008781E-7
358300                    1.580965440033335E-7
358400                    1.5812714548321088E-7
358500                    1.581575044405102E-7
358600                    1.5818762087523153E-7
358700                    1.5821749478737487E-7
358800                    1.5824712617694013E-7
358900                    1.582765150439274E-7
359000                    1.5830566138833668E-7
359100                    1.5833456521016788E-7
359200                    1.583632265094211E-7
359300                    1.5839164528609627E-7
359400                    1.5841982154019346E-7
359500                    1.584477552717126E-7
359600                    1.5847544648065371E-7
359700                    1.585028951670169E-7
359800                    1.58530101330802E-7
359900                    1.5855706497200906E-7
360000                    1.5858378609063817E-7
360100                    1.5861026468668918E-7
360200                    1.586365007601622E-7
360300                    1.586624943110572E-7
360400                    1.5868824533937422E-7
360500                    1.5871375384511315E-7
360600                    1.5873901982827412E-7
360700                    1.5876404328885708E-7
360800                    1.58788824226862E-7
360900                    1.588133626422889E-7
361000                    1.5883765853513775E-7
361100                    1.5886171190540863E-7
361200                    1.5888552275310146E-7
361300                    1.5890909107821632E-7
361400                    1.5893241688075313E-7
361500                    1.589555001607119E-7
361600                    1.5897834091809268E-7
361700                    1.5900093915289545E-7
361800                    1.5902329486512016E-7
361900                    1.590454080547669E-7
362000                    1.5906727872183558E-7
362100                    1.5908890686632625E-7
362200                    1.591102924882389E-7
362300                    1.5913143558757353E-7
362400                    1.5915233616433018E-7
362500                    1.5917299421850877E-7
362600                    1.5919340975010937E-7
362700                    1.5921358275913195E-7
362800                    1.592335132455765E-7
362900                    1.5925320120944302E-7
363000                    1.592726466507315E-7
363100                    1.5929184956944207E-7
363200                    1.593108099655745E-7
363300                    1.5932952783912898E-7
363400                    1.5934800319010542E-7
363500                    1.5936623601850387E-7
363600                    1.5938422632432422E-7
363700                    1.594019741075666E-7
363800                    1.59419479368231E-7
363900                    1.5943674210631734E-7
364000                    1.5945376232182565E-7
364100                    1.59470540014756E-7
364200                    1.5948707518510826E-7
364300                    1.5950336783288252E-7
364400                    1.595194179580788E-7
364500                    1.5953522556069703E-7
364600                    1.5955564230995276E-7
364700                    1.5957604905411709E-7
364800                    1.5959632877863379E-7
364900                    1.596164814835029E-7
365000                    1.5963650716872438E-7
365100                    1.5965640583429817E-7
365200                    1.5967617748022444E-7
365300                    1.59695822106503E-7
365400                    1.5971533971313394E-7
365500                    1.5973473030011721E-7
365600                    1.5975399386745292E-7
365700                    1.5977313041514096E-7
365800                    1.5979213994318136E-7
365900                    1.598110224515742E-7
366000                    1.5982977794031934E-7
366100                    1.5984840640941688E-7
366200                    1.5986690785886678E-7
366300                    1.5988528228866904E-7
366400                    1.5990352969882366E-7
366500                    1.5992165008933066E-7
366600                    1.5993964346019008E-7
366700                    1.599575098114018E-7
366800                    1.5997524914296588E-7
366900                    1.5999286145488242E-7
367000                    1.6001034674715127E-7
367100                    1.6002770501977247E-7
367200                    1.6004493627274607E-7
367300                    1.6006204050607204E-7
367400                    1.6007901771975036E-7
367500                    1.6009586791378108E-7
367600                    1.601125910881642E-7
367700                    1.6012918724289957E-7
367800                    1.601456563779874E-7
367900                    1.601619984934276E-7
368000                    1.6017821358922012E-7
368100                    1.6019430166536504E-7
368200                    1.6021026272186234E-7
368300                    1.6022609675871203E-7
368400                    1.6024180377591404E-7
368500                    1.6025738377346842E-7
368600                    1.6027283675137517E-7
368700                    1.6028816270963435E-7
368800                    1.603033616482458E-7
368900                    1.603184335672097E-7
369000                    1.6033337846652595E-7
369100                    1.6034819634619457E-7
369200                    1.6036288720621555E-7
369300                    1.6037745104658893E-7
369400                    1.6039188786731463E-7
369500                    1.6040619766839273E-7
369600                    1.6042038044982323E-7
369700                    1.6043443621160605E-7
369800                    1.604483649537412E-7
369900                    1.604621666762288E-7
370000                    1.6047584137906876E-7
370100                    1.6048938906226103E-7
370200                    1.6050280972580568E-7
370300                    1.6051610336970279E-7
370400                    1.605292699939522E-7
370500                    1.6054230959855397E-7
370600                    1.605552221835081E-7
370700                    1.6056800774881472E-7
370800                    1.6058066629447355E-7
370900                    1.6059319782048486E-7
371000                    1.6060560232684848E-7
371100                    1.6061787981356453E-7
371200                    1.6063003028063287E-7
371300                    1.6064205372805364E-7
371400                    1.6065395015582673E-7
371500                    1.6066571956395218E-7
371600                    1.6067736195243004E-7
371700                    1.606888773212603E-7
371800                    1.6070026567044287E-7
371900                    1.607115269999778E-7
372000                    1.6072266130986518E-7
372100                    1.6073366860010487E-7
372200                    1.6074454887069693E-7
372300                    1.607553021216414E-7
372400                    1.6076592835293822E-7
372500                    1.607764275645874E-7
372600                    1.607867997565889E-7
372700                    1.6079704492894287E-7
372800                    1.6080716308164913E-7
372900                    1.6081715421470782E-7
373000                    1.6082701832811883E-7
373100                    1.608397211602136E-7
373200                    1.608527258045041E-7
373300                    1.6086568069341223E-7
373400                    1.6087858582693786E-7
373500                    1.60891441205081E-7
373600                    1.6090424682784168E-7
373700                    1.609170026952199E-7
373800                    1.6092970880721567E-7
373900                    1.6094236516382894E-7
374000                    1.6095497176505983E-7
374100                    1.609675286109082E-7
374200                    1.609800357013741E-7
374300                    1.6099249303645752E-7
374400                    1.6100490061615854E-7
374500                    1.6101725844047704E-7
374600                    1.6102956650941307E-7
374700                    1.610418248229667E-7
374800                    1.6105403338113785E-7
374900                    1.610661921839265E-7
375000                    1.6107830123133268E-7
375100                    1.6109036052335646E-7
375200                    1.6110237005999773E-7
375300                    1.6111432984125652E-7
375400                    1.6112623986713286E-7
375500                    1.6113810013762675E-7
375600                    1.611499106527382E-7
375700                    1.611616714124672E-7
375800                    1.6117338241681366E-7
375900                    1.6118504366577768E-7
376000                    1.6119665515935925E-7
376100                    1.6120821689755834E-7
376200                    1.6121972888037497E-7
376300                    1.612311911078092E-7
376400                    1.612426035798609E-7
376500                    1.6125396629653012E-7
376600                    1.6126527925781694E-7
376700                    1.6127654246372126E-7
376800                    1.612877559142431E-7
376900                    1.612989196093825E-7
377000                    1.6131003354913947E-7
377100                    1.6132109773351396E-7
377200                    1.6133211216250596E-7
377300                    1.6134307683611552E-7
377400                    1.613539917543426E-7
377500                    1.6136485691718723E-7
377600                    1.613756723246494E-7
377700                    1.6138643797672908E-7
377800                    1.613971538734263E-7
377900                    1.6140782001474107E-7
378000                    1.6141843640067336E-7
378100                    1.6142900303122322E-7
378200                    1.6143951990639058E-7
378300                    1.614499870261755E-7
378400                    1.6146040439057796E-7
378500                    1.6147077199959792E-7
378600                    1.6148108985323545E-7
378700                    1.614913579514905E-7
378800                    1.615015762943631E-7
378900                    1.6151174488185322E-7
379000                    1.6152186371396088E-7
379100                    1.615319327906861E-7
379200                    1.6154195211202886E-7
379300                    1.6155192167798912E-7
379400                    1.6156184148856692E-7
379500                    1.6157171154376227E-7
379600                    1.6158153184357516E-7
379700                    1.6159130238800561E-7
379800                    1.6160102317705355E-7
379900                    1.6161069421071907E-7
380000                    1.6162031548900212E-7
380100                    1.6162988701190268E-7
380200                    1.6163940877942077E-7
380300                    1.6164888079155637E-7
380400                    1.6165830304830962E-7
380500                    1.6166767554968034E-7
380600                    1.6167699829566857E-7
380700                    1.6168627128627436E-7
380800                    1.6169549452149768E-7
380900                    1.6170466800133854E-7
381000                    1.6171379172579693E-7
381100                    1.6172286569487289E-7
381200                    1.6173188990856637E-7
381300                    1.6174086436687737E-7
381400                    1.6174978906980592E-7
381500                    1.6175866401735204E-7
381600                    1.6176748920951563E-7
381700                    1.6177626464629676E-7
381800                    1.6178499032769548E-7
381900                    1.617936662537117E-7
382000                    1.618022924243455E-7
382100                    1.6181086883959678E-7
382200                    1.618193954994656E-7
382300                    1.6182787240395197E-7
382400                    1.6183629955305592E-7
382500                    1.6184467694677737E-7
382600                    1.6185300458511633E-7
382700                    1.6186128246807288E-7
382800                    1.6186951059564694E-7
382900                    1.618776889678385E-7
383000                    1.6188581758464765E-7
383100                    1.618938964460743E-7
383200                    1.6190192555211853E-7
383300                    1.6190990490278026E-7
383400                    1.6191783449805957E-7
383500                    1.6192571433795636E-7
383600                    1.6193354442247072E-7
383700                    1.619413247516026E-7
383800                    1.6194905532535203E-7
383900                    1.6195673614371899E-7
384000                    1.6196436720670345E-7
384100                    1.619719485143055E-7
384200                    1.6197948006652506E-7
384300                    1.6198696186336218E-7
384400                    1.619943939048168E-7
384500                    1.6200177619088907E-7
384600                    1.6200910872157876E-7
384700                    1.6201639149688602E-7
384800                    1.6202362451681078E-7
384900                    1.620308077813531E-7
385000                    1.62037941290513E-7
385100                    1.6204502504429038E-7
385200                    1.6205205904268533E-7
385300                    1.6205904328569781E-7
385400                    1.6206597777332783E-7
385500                    1.6207286250557538E-7
385600                    1.6207969748244047E-7
385700                    1.6208648270392307E-7
385800                    1.6209321817002322E-7
385900                    1.6209990388074094E-7
386000                    1.6210653983607616E-7
386100                    1.6211312603602891E-7
386200                    1.621196624805992E-7
386300                    1.6212614916978708E-7
386400                    1.6213258610359247E-7
386500                    1.6213897328201536E-7
386600                    1.621453107050558E-7
386700                    1.621515983727138E-7
386800                    1.6215783628498932E-7
386900                    1.6216402444188237E-7
387000                    1.62170162843393E-7
387100                    1.621762514895211E-7
387200                    1.621822903802668E-7
387300                    1.6218827951562996E-7
387400                    1.6219421889561074E-7
387500                    1.62200108520209E-7
387600                    1.6220594838942481E-7
387700                    1.6221173850325817E-7
387800                    1.6221747886170905E-7
387900                    1.6222316946477747E-7
388000                    1.6222881031246345E-7
388100                    1.6223440140476694E-7
388200                    1.62239942741688E-7
388300                    1.6224543432322655E-7
388400                    1.622508761493827E-7
388500                    1.6225626822015632E-7
388600                    1.6226161053554748E-7
388700                    1.6226690309555622E-7
388800                    1.6227214590018247E-7
388900                    1.6227733894942629E-7
389000                    1.622824822432876E-7
389100                    1.6228757578176646E-7
389200                    1.6229261956486285E-7
389300                    1.622976135925768E-7
389400                    1.6230255786490828E-7
389500                    1.623074523818573E-7
389600                    1.6231229714342385E-7
389700                    1.6231709214960794E-7
389800                    1.6232183740040955E-7
389900                    1.6232653289582868E-7
390000                    1.623311786358654E-7
390100                    1.6233714084187024E-7
390200                    1.623435869844225E-7
390300                    1.623500053843526E-7
390400                    1.623563960416605E-7
390500                    1.6236275895634634E-7
390600                    1.6236909412840997E-7
390700                    1.6237540155785142E-7
390800                    1.6238168124467075E-7
390900                    1.6238793318886792E-7
391000                    1.6239415739044294E-7
391100                    1.6240035384939578E-7
391200                    1.6240652256572647E-7
391300                    1.6241266353943503E-7
391400                    1.6241877677052136E-7
391500                    1.6242486225898557E-7
391600                    1.6243092000482767E-7
391700                    1.6243695000804757E-7
391800                    1.6244295226864535E-7
391900                    1.6244892678662094E-7
392000                    1.624548735619744E-7
392100                    1.624607925947057E-7
392200                    1.6246668388481478E-7
392300                    1.6247254743230177E-7
392400                    1.6247838323716657E-7
392500                    1.6248419129940925E-7
392600                    1.6248997161902975E-7
392700                    1.624957241960281E-7
392800                    1.6250144903040427E-7
392900                    1.625071461221583E-7
393000                    1.6251281547129018E-7
393100                    1.625184570777999E-7
393200                    1.6252407094168747E-7
393300                    1.6252965706295288E-7
393400                    1.6253521544159613E-7
393500                    1.625407460776172E-7
393600                    1.6254624897101618E-7
393700                    1.625517241217929E-7
393800                    1.6255717152994752E-7
393900                    1.6256259119548003E-7
394000                    1.6256798311839037E-7
394100                    1.625733472986785E-7
394200                    1.6257868373634449E-7
394300                    1.6258399243138837E-7
394400                    1.6258927338381E-7
394500                    1.6259452659360957E-7
394600                    1.6259975206078694E-7
394700                    1.6260494978534215E-7
394800                    1.626101197672752E-7
394900                    1.626152620065861E-7
395000                    1.6262037650327484E-7
395100                    1.6262546325734145E-7
395200                    1.6263052226878585E-7
395300                    1.6263555353760818E-7
395400                    1.6264055706380828E-7
395500                    1.6264553284738622E-7
395600                    1.6265048088834204E-7
395700                    1.6265540118667573E-7
395800                    1.626602937423872E-7
395900                    1.626651585554765E-7
396000                    1.6266999562594368E-7
396100                    1.6267480495378874E-7
396200                    1.6267958653901164E-7
396300                    1.6268434038161232E-7
396400                    1.626890664815909E-7
396500                    1.626937648389473E-7
396600                    1.6269843545368152E-7
396700                    1.6270307832579358E-7
396800                    1.6270769345528355E-7
396900                    1.627122808421513E-7
397000                    1.6271684048639693E-7
397100                    1.6272137238802038E-7
397200                    1.6272587654702174E-7
397300                    1.6273035296340086E-7
397400                    1.6273480163715788E-7
397500                    1.6273922256829267E-7
397600                    1.6274361575680533E-7
397700                    1.6274798120269586E-7
397800                    1.6275231890596427E-7
397900                    1.6275662886661045E-7
398000                    1.6276091108463453E-7
398100                    1.6276516556003646E-7
398200                    1.6276939229281615E-7
398300                    1.627735912829737E-7
398400                    1.6277776253050914E-7
398500                    1.6278190603542243E-7
398600                    1.6278602179771356E-7
398700                    1.6279010981738252E-7
398800                    1.627941700944293E-7
398900                    1.6279820262885395E-7
399000                    1.6280220742065643E-7
399100                    1.6280618446983678E-7
399200                    1.6281013377639492E-7
399300                    1.6281405534033094E-7
399400                    1.6281794916164485E-7
399500                    1.628218152403365E-7
399600                    1.628256535764061E-7
399700                    1.6282946416985348E-7
399800                    1.6283324702067868E-7
399900                    1.6283700212888175E-7
400000                    1.6284072949446273E-7
401000                    1.6287647730605335E-7
402000                    1.6290945085542827E-7
403000                    1.6293965014258765E-7
404000                    1.6296707516753135E-7
405000                    1.6299172593025938E-7
406000                    1.630136024307718E-7
407000                    1.6303270466906853E-7
408000                    1.6306307005392137E-7
409000                    1.6309290558336302E-7
410000                    1.6312160086413311E-7
411000                    1.6314915589623165E-7
412000                    1.631755706796587E-7
413000                    1.6320084521441416E-7
414000                    1.632249795004981E-7
415000                    1.632479735379105E-7
416000                    1.6326982732665141E-7
417000                    1.6329054086672075E-7
418000                    1.6331011415811854E-7
419000                    1.6332854720084487E-7
420000                    1.633458399948996E-7
421000                    1.633619925402828E-7
422000                    1.633770048369945E-7
423000                    1.6339087688503464E-7
424000                    1.6340360868440324E-7
425000                    1.634215568756445E-7
426000                    1.6343950629753773E-7
427000                    1.6345706922834538E-7
428000                    1.634742456680673E-7
429000                    1.6349103561670353E-7
430000                    1.635074390742541E-7
431000                    1.6352345604071895E-7
432000                    1.635390865160982E-7
433000                    1.6355433050039164E-7
434000                    1.6356918799359947E-7
435000                    1.6358365899572158E-7
436000                    1.6359774350675806E-7
437000                    1.636114415267088E-7
438000                    1.636247530555739E-7
439000                    1.6363767809335335E-7
440000                    1.6365021664004703E-7
441000                    1.6366236869565507E-7
442000                    1.6367413426017742E-7
443000                    1.6368551333361407E-7
444000                    1.6369650591596506E-7
445000                    1.6370711200723039E-7
446000                    1.6371733160741E-7
447000                    1.6372716471650393E-7
448000                    1.6373661133451215E-7
449000                    1.6374567146143476E-7
450000                    1.6375434509727163E-7
451000                    1.6376263224202283E-7
452000                    1.6377053289568839E-7
453000                    1.6377804705826817E-7
454000                    1.6378517472976235E-7
455000                    1.6379191591017083E-7
456000                    1.637982705994936E-7
457000                    1.6380423879773067E-7
458000                    1.638098205048821E-7
459000                    1.6381772654714517E-7
460000                    1.63825690516442E-7
461000                    1.6383343926428446E-7
462000                    1.6384097279067248E-7
463000                    1.6384829109560622E-7
464000                    1.638553941790856E-7
465000                    1.6386228204111054E-7
466000                    1.6386895468168123E-7
467000                    1.6387541210079747E-7
468000                    1.6388165429845934E-7
469000                    1.6388768127466687E-7
470000                    1.638934930294201E-7
471000                    1.638990895627189E-7
472000                    1.6390447087456334E-7
473000                    1.6390963696495345E-7
474000                    1.639145878338892E-7
475000                    1.6391932348137055E-7
476000                    1.6392384390739756E-7
477000                    1.639281491119702E-7
478000                    1.6393223909508846E-7
479000                    1.639361138567524E-7
480000                    1.6393977339696196E-7
481000                    1.6394321771571716E-7
482000                    1.6394644681301796E-7
483000                    1.6394946068886446E-7
484000                    1.6395225934325655E-7
485000                    1.6395484277619428E-7
486000                    1.639572109876777E-7
487000                    1.639593639777067E-7
488000                    1.639613017462814E-7
489000                    1.6396302429340166E-7
490000                    1.6396453161906757E-7
491000                    1.6396582372327915E-7
492000                    1.6396690060603639E-7
493000                    1.6397046039160896E-7
494000                    1.6397436436567218E-7
495000                    1.6397823026058643E-7
496000                    1.6398205807635157E-7
497000                    1.6398584781296774E-7
498000                    1.6398959947043498E-7
499000                    1.6399331304875313E-7
500000                    1.6399698854792223E-7
501000                    1.6400062596794243E-7
502000                    1.640042253088135E-7
503000                    1.6400778657053562E-7
504000                    1.6401130975310878E-7
505000                    1.6401479485653287E-7
506000                    1.6401824188080792E-7
507000                    1.64021650825934E-7
508000                    1.6402502169191105E-7
509000                    1.640283544787391E-7
510000                    1.6403164918641818E-7
511000                    1.640349058149482E-7
512000                    1.6403812436432926E-7
513000                    1.6404130483456128E-7
514000                    1.6404444722564427E-7
515000                    1.6404755153757827E-7
516000                    1.640506177703632E-7
517000                    1.6405364592399918E-7
518000                    1.6405663599848617E-7
519000                    1.6405958799382414E-7
520000                    1.6406250191001304E-7
521000                    1.64065377747053E-7
522000                    1.640682155049439E-7
523000                    1.640710151836858E-7
524000                    1.640737767832787E-7
525000                    1.640765003037226E-7
526000                    1.6407918574501747E-7
527000                    1.6408212570414323E-7
528000                    1.6408510195217734E-7
529000                    1.6408806011256122E-7
530000                    1.6409100018529498E-7
531000                    1.6409392217037863E-7
532000                    1.640968260678121E-7
533000                    1.6409971187759546E-7
534000                    1.641025795997286E-7
535000                    1.6410542923421167E-7
536000                    1.6410826078104455E-7
537000                    1.6411107424022732E-7
538000                    1.6411386961175987E-7
539000                    1.6411664689564234E-7
540000                    1.6411940609187468E-7
541000                    1.6412214720045683E-7
542000                    1.6412487022138882E-7
543000                    1.6412757515467072E-7
544000                    1.6413026200030244E-7
545000                    1.64132930758284E-7
546000                    1.6413558142861545E-7
547000                    1.641382140112967E-7
548000                    1.6414082850632787E-7
549000                    1.6414342491370886E-7
550000                    1.6414600323343972E-7
551000                    1.641485634655204E-7
552000                    1.6415110560995095E-7
553000                    1.6415362966673132E-7
554000                    1.641561356358616E-7
555000                    1.6415862351734172E-7
556000                    1.6416109331117172E-7
557000                    1.6416354501735153E-7
558000                    1.6416597863588117E-7
559000                    1.6416839416676071E-7
560000                    1.641707916099901E-7
561000                    1.6417271403516843E-7
562000                    1.641744790699883E-7
563000                    1.6417619347655864E-7
564000                    1.6417785725487935E-7
565000                    1.6417947040495058E-7
566000                    1.6418103292677212E-7
567000                    1.641825448203442E-7
568000                    1.6418400608566667E-7
569000                    1.6418541672273953E-7
570000                    1.641867767315629E-7
571000                    1.6418808611213664E-7
572000                    1.6418934486446083E-7
573000                    1.6419055298853545E-7
574000                    1.6419171048436054E-7
575000                    1.6419281735193601E-7
576000                    1.641938735912619E-7
577000                    1.6419487920233828E-7
578000                    1.6419583418516508E-7
579000                    1.6419673853974229E-7
580000                    1.641975922660699E-7
581000                    1.6419839536414796E-7
582000                    1.641991478339765E-7
583000                    1.6419984967555545E-7
584000                    1.6420050088888483E-7
585000                    1.6420110147396462E-7
586000                    1.642016514307949E-7
587000                    1.6420215075937554E-7
588000                    1.642025994597066E-7
589000                    1.6420299753178816E-7
590000                    1.6420334497562015E-7
591000                    1.6420364179120252E-7
592000                    1.6420388797853536E-7
593000                    1.6420408353761863E-7
594000                    1.642042284684523E-7
595000                    1.6420483556375976E-7
596000                    1.6420557660321825E-7
597000                    1.6420630514382186E-7
598000                    1.6420702118557058E-7
599000                    1.6420772472846442E-7
600000                    1.6420841577250335E-7
601000                    1.6420909431768734E-7
602000                    1.6420976036401647E-7
603000                    1.6421041391149073E-7
604000                    1.6421105496011007E-7
605000                    1.6421168350987448E-7
606000                    1.6421229956078403E-7
607000                    1.6421290311283867E-7
608000                    1.642134941660384E-7
609000                    1.6421407272038322E-7
610000                    1.6421463877587318E-7
611000                    1.6421519233250826E-7
612000                    1.6421573339028835E-7
613000                    1.6421626194921362E-7
614000                    1.6421677800928397E-7
615000                    1.642172815704994E-7
616000                    1.6421777263285997E-7
617000                    1.6421825119636564E-7
618000                    1.6421871726101635E-7
619000                    1.642191708268122E-7
620000                    1.6421961189375318E-7
621000                    1.6422004046183925E-7
622000                    1.642204565310704E-7
623000                    1.6422086010144667E-7
624000                    1.6422125117296803E-7
625000                    1.642216297456345E-7
626000                    1.6422199581944607E-7
627000                    1.6422234939440273E-7
628000                    1.642226904705045E-7
629000                    1.6422301904775137E-7
630000                    1.6422333512614335E-7
631000                    1.6422363870568042E-7
632000                    1.6422392978636258E-7
633000                    1.6422420836818989E-7
634000                    1.6422447445116225E-7
635000                    1.6422472803527974E-7
636000                    1.6422496912054231E-7
637000                    1.6422519770694998E-7
638000                    1.6422541379450282E-7
639000                    1.642256173832007E-7
640000                    1.6422580847304368E-7
641000                    1.6422598706403176E-7
642000                    1.6422615315616493E-7
643000                    1.6422630674944324E-7
644000                    1.6422644784386664E-7
645000                    1.6422657643943514E-7
646000                    1.6422669253614875E-7
647000                    1.642267961340074E-7
648000                    1.642268872330112E-7
649000                    1.6422696583316017E-7
650000                    1.6422703193445417E-7
651000                    1.6422708553689323E-7
652000                    1.6422712664047744E-7
653000                    1.6422715524520679E-7
654000                    1.6422717135108117E-7
655000                    1.6422717495810067E-7
656000                    1.6422716606626532E-7
657000                    1.6422714467557503E-7
658000                    1.6422711078602988E-7
659000                    1.6422706439762977E-7
660000                    1.6422700551037478E-7
661000                    1.6422693412426493E-7
662000                    1.6422685023930014E-7
663000                    1.642272687853942E-7
664000                    1.6422789975914085E-7
665000                    1.6422853073288747E-7
666000                    1.6422916170663412E-7
667000                    1.6422979268038075E-7
668000                    1.6423042365412742E-7
669000                    1.6423105462787402E-7
670000                    1.6423168560162067E-7
671000                    1.642323165753673E-7
672000                    1.6423294754911392E-7
673000                    1.6423357852286054E-7
674000                    1.6423420949660722E-7
675000                    1.6423484047035387E-7
676000                    1.642354714441005E-7
677000                    1.642361024178471E-7
678000                    1.642367333915937E-7
679000                    1.6423736436534036E-7
680000                    1.6423799533908703E-7
681000                    1.6423862631283363E-7
682000                    1.6423925728658028E-7
683000                    1.6423988826032693E-7
684000                    1.6424051923407353E-7
685000                    1.6424115020782018E-7
686000                    1.6424178118156685E-7
687000                    1.6424241215531348E-7
688000                    1.6424304312906008E-7
689000                    1.6424367410280672E-7
690000                    1.6424430507655332E-7
691000                    1.642449360503E-7
692000                    1.6424556702404665E-7
693000                    1.642461979977933E-7
694000                    1.642468289715399E-7
695000                    1.6424745994528654E-7
696000                    1.6424809091903314E-7
697000                    1.642487218927798E-7
698000                    1.6424935286652644E-7
699000                    1.642499838402731E-7
700000                    1.6425061481401971E-7
701000                    1.6425124578776636E-7
702000                    1.6425187676151296E-7
703000                    1.642525077352596E-7
704000                    1.6425313870900626E-7
705000                    1.642537696827529E-7
706000                    1.642544006564995E-7
707000                    1.6425503163024616E-7
708000                    1.642556626039928E-7
709000                    1.6425629357773943E-7
710000                    1.6425692455148608E-7
711000                    1.6425755552523273E-7
712000                    1.6425818649897933E-7
713000                    1.6425881747272598E-7
714000                    1.6425944844647257E-7
715000                    1.6426007942021922E-7
716000                    1.6426071039396587E-7
717000                    1.6426134136771252E-7
718000                    1.6426197234145915E-7
719000                    1.642626033152058E-7
720000                    1.6426323428895242E-7
721000                    1.6426386526269902E-7
722000                    1.642644962364457E-7
723000                    1.6426512721019234E-7
724000                    1.6426575818393894E-7
725000                    1.642663891576856E-7
726000                    1.6426702013143224E-7
727000                    1.6426765110517884E-7
728000                    1.6426828207892551E-7
729000                    1.6426891305267216E-7
730000                    1.6426954402641876E-7
731000                    1.6426994838528365E-7
732000                    1.6427022502138176E-7
733000                    1.6427050165747983E-7
734000                    1.6427077829357785E-7
735000                    1.6427105492967593E-7
736000                    1.6427133156577397E-7
737000                    1.6427160820187205E-7
738000                    1.6427188483797012E-7
739000                    1.6427216147406817E-7
740000                    1.6427243811016625E-7
741000                    1.642727147462643E-7
742000                    1.6427299138236237E-7
743000                    1.642732680184604E-7
744000                    1.642735446545585E-7
745000                    1.6427382129065657E-7
746000                    1.6427409792675462E-7
747000                    1.6427437456285266E-7
748000                    1.6427465119895074E-7
749000                    1.6427492783504881E-7
750000                    1.6427520447114686E-7
751000                    1.6427548110724494E-7
752000                    1.6427575774334299E-7
753000                    1.6427603437944106E-7
754000                    1.642763110155391E-7
755000                    1.6427658765163718E-7
756000                    1.6427686428773526E-7
757000                    1.642771409238333E-7
758000                    1.6427741755993138E-7
759000                    1.6427769419602943E-7
760000                    1.642779708321275E-7
761000                    1.6427824746822558E-7
762000                    1.6427852410432363E-7
763000                    1.642788007404217E-7
764000                    1.6427907737651975E-7
765000                    1.642793540126178E-7
766000                    1.642796306487159E-7
767000                    1.6427990728481395E-7
768000                    1.6428018392091202E-7
769000                    1.6428046055701004E-7
770000                    1.6428073719310812E-7
771000                    1.6428101382920622E-7
772000                    1.6428129046530427E-7
773000                    1.6428156710140234E-7
774000                    1.6428184373750037E-7
775000                    1.6428212037359844E-7
776000                    1.6428239700969654E-7
777000                    1.642826736457946E-7
778000                    1.6428295028189266E-7
779000                    1.6428322691799069E-7
780000                    1.6428350355408876E-7
781000                    1.642837801901868E-7
782000                    1.642840568262849E-7
783000                    1.6428433346238296E-7
784000                    1.64284610098481E-7
785000                    1.6428488673457908E-7
786000                    1.6428516337067713E-7
787000                    1.6428544000677523E-7
788000                    1.6428571664287323E-7
789000                    1.6428599327897133E-7
790000                    1.642862699150694E-7
791000                    1.6428654655116745E-7
792000                    1.642868231872655E-7
793000                    1.6428709982336355E-7
794000                    1.6428737645946165E-7
795000                    1.6428765309555972E-7
796000                    1.6428792973165774E-7
797000                    1.6428820636775582E-7
798000                    1.6428848300385387E-7
799000                    1.642886345488399E-7
800000                    1.6428869284795517E-7
801000                    1.6428875114707043E-7
802000                    1.6428880944618571E-7
803000                    1.6428886774530097E-7
804000                    1.6428892604441623E-7
805000                    1.6428898434353151E-7
806000                    1.642890426426468E-7
807000                    1.6428910094176206E-7
808000                    1.642891592408773E-7
809000                    1.6428921753999257E-7
810000                    1.6428927583910783E-7
811000                    1.6428933413822311E-7
812000                    1.6428939243733837E-7
813000                    1.6428945073645363E-7
814000                    1.642895090355689E-7
815000                    1.642895673346842E-7
816000                    1.6428962563379946E-7
817000                    1.6428968393291472E-7
818000                    1.6428974223202997E-7
819000                    1.6428980053114523E-7
820000                    1.6428985883026054E-7
821000                    1.642899171293758E-7
822000                    1.6428997542849106E-7
823000                    1.6429003372760634E-7
824000                    1.642900920267216E-7
825000                    1.6429015032583686E-7
826000                    1.6429020862495212E-7
827000                    1.6429026692406737E-7
828000                    1.6429032522318263E-7
829000                    1.6429038352229794E-7
830000                    1.642904418214132E-7
831000                    1.6429050012052846E-7
832000                    1.6429055841964374E-7
833000                    1.64290616718759E-7
834000                    1.6429067501787429E-7
835000                    1.6429073331698954E-7
836000                    1.6429079161610483E-7
837000                    1.6429084991522009E-7
838000                    1.6429090821433534E-7
839000                    1.642909665134506E-7
840000                    1.6429102481256586E-7
841000                    1.6429108311168114E-7
842000                    1.642911414107964E-7
843000                    1.6429119970991166E-7
844000                    1.6429125800902694E-7
845000                    1.6429131630814223E-7
846000                    1.6429137460725749E-7
847000                    1.6429143290637274E-7
848000                    1.64291491205488E-7
849000                    1.642915495046033E-7
850000                    1.6429160780371857E-7
851000                    1.6429166610283383E-7
852000                    1.642917244019491E-7
853000                    1.6429178270106434E-7
854000                    1.6429184100017966E-7
855000                    1.6429189929929491E-7
856000                    1.6429195759841017E-7
857000                    1.642920158975254E-7
858000                    1.6429207419664071E-7
859000                    1.6429213249575597E-7
860000                    1.6429219079487123E-7
861000                    1.642922490939865E-7
862000                    1.6429230739310175E-7
863000                    1.6429236569221706E-7
864000                    1.6429242399133231E-7
865000                    1.6429248229044757E-7
866000                    1.6429254058956283E-7
867000                    1.6429259888867811E-7
868000                    1.6429265718779337E-7
869000                    1.6429271548690866E-7
870000                    1.6429277378602391E-7
871000                    1.642928320851392E-7
872000                    1.6429289038425446E-7
873000                    1.642929486833697E-7
874000                    1.6429300698248495E-7
875000                    1.642930652816002E-7
876000                    1.6429312358071552E-7
877000                    1.6429318187983077E-7
878000                    1.6429324017894603E-7
879000                    1.6429329847806132E-7
880000                    1.642933567771766E-7
881000                    1.6429341507629186E-7
882000                    1.6429347337540712E-7
883000                    1.642935316745224E-7
884000                    1.6429358997363768E-7
885000                    1.6429364827275294E-7
886000                    1.642937065718682E-7
887000                    1.6429376487098346E-7
888000                    1.6429382317009877E-7
889000                    1.6429388146921395E-7
890000                    1.6429393976832923E-7
891000                    1.6429399806744452E-7
892000                    1.6429405636655977E-7
893000                    1.6429411466567503E-7
894000                    1.6429417296479032E-7
895000                    1.6429423126390557E-7
896000                    1.6429428956302086E-7
897000                    1.6429434786213612E-7
898000                    1.642944061612514E-7
899000                    1.642944478550801E-7
900000                    1.6429447717093592E-7
901000                    1.6429450648679167E-7
902000                    1.642945358026474E-7
903000                    1.6429456511850318E-7
904000                    1.642945944343589E-7
905000                    1.642946237502147E-7
906000                    1.6429465306607046E-7
907000                    1.6429468238192622E-7
908000                    1.6429471169778194E-7
909000                    1.6429474101363775E-7
910000                    1.642947703294935E-7
911000                    1.6429479964534926E-7
912000                    1.64294828961205E-7
913000                    1.6429485827706082E-7
914000                    1.6429488759291654E-7
915000                    1.6429491690877232E-7
916000                    1.6429494622462805E-7
917000                    1.6429497554048383E-7
918000                    1.642950048563396E-7
919000                    1.6429503417219536E-7
920000                    1.6429506348805109E-7
921000                    1.6429509280390687E-7
922000                    1.6429512211976262E-7
923000                    1.6429515143561835E-7
924000                    1.6429518075147415E-7
925000                    1.642952100673299E-7
926000                    1.6429523938318566E-7
927000                    1.6429526869904146E-7
928000                    1.642952980148972E-7
929000                    1.6429532733075294E-7
930000                    1.6429535664660872E-7
931000                    1.6429538596246445E-7
932000                    1.6429541527832023E-7
933000                    1.64295444594176E-7
934000                    1.6429547391003176E-7
935000                    1.642955032258875E-7
936000                    1.642955325417433E-7
937000                    1.6429556185759905E-7
938000                    1.642955911734548E-7
939000                    1.6429562048931055E-7
940000                    1.642956498051663E-7
941000                    1.6429567912102209E-7
942000                    1.6429570843687787E-7
943000                    1.642957377527336E-7
944000                    1.6429576706858935E-7
945000                    1.6429579638444515E-7
946000                    1.642958257003009E-7
947000                    1.6429585501615663E-7
948000                    1.642958843320124E-7
949000                    1.642959136478682E-7
950000                    1.6429594296372392E-7
951000                    1.642959722795797E-7
952000                    1.6429600159543545E-7
953000                    1.642960309112912E-7
954000                    1.64296060227147E-7
955000                    1.6429608954300274E-7
956000                    1.642961188588585E-7
957000                    1.642961481747143E-7
958000                    1.6429617749057002E-7
959000                    1.6429620680642577E-7
960000                    1.6429623612228155E-7
961000                    1.642962654381373E-7
962000                    1.642962947539931E-7
963000                    1.6429632406984884E-7
964000                    1.642963533857046E-7
965000                    1.6429638270156037E-7
966000                    1.642964120174161E-7
967000                    1.6429644133327188E-7
968000                    1.6429647064912763E-7
969000                    1.642964999649834E-7
970000                    1.6429652928083914E-7
971000                    1.6429655859669494E-7
972000                    1.642965879125507E-7
973000                    1.6429661722840645E-7
974000                    1.642966465442622E-7
975000                    1.6429667586011798E-7
976000                    1.6429670517597374E-7
977000                    1.6429673449182952E-7
978000                    1.6429676380768524E-7
979000                    1.64296793123541E-7
980000                    1.6429682243939677E-7
981000                    1.6429685175525255E-7
982000                    1.6429688107110828E-7
983000                    1.642969103869641E-7
984000                    1.6429693970281984E-7
985000                    1.6429696901867557E-7
986000                    1.6429699833453135E-7
987000                    1.6429702765038707E-7
988000                    1.6429705696624288E-7
989000                    1.6429708628209863E-7
990000                    1.6429711559795438E-7
991000                    1.642971449138101E-7
992000                    1.642971742296659E-7
993000                    1.6429720354552167E-7
994000                    1.6429723286137742E-7
995000                    1.6429726217723318E-7
996000                    1.6429729149308896E-7
997000                    1.6429732080894468E-7
998000                    1.642973501248005E-7
999000                    1.642973674835567E-7
1000000                   1.6429737592920837E-7
