0                         0
1000                      0
2000                      0
3000                      0
4000                      0
5000                      0
6000                      0
7000                      0
8000                      0
9000                      0
10000                     0
11000                     0
12000                     0
13000                     0
14000                     0
15000                     0
16000                     0
17000                     0
18000                     0
19000                     0
20000                     0
21000                     0
22000                     0
23000                     0
24000                     0
25000                     0
26000                     0
27000                     0
28000                     0
29000                     0
30000                     0
31000                     0
32000                     0
33000                     0
34000                     0
35000                     0
36000                     0
37000                     0
38000                     0
39000                     0
40000                     0
41000                     0
42000                     0
43000                     0
44000                     0
45000                     0
46000                     0
47000                     0
48000                     0
49000                     0
50000                     0
51000                     0
52000                     0
53000                     0
54000                     0
55000                     0
56000                     0
57000                     0
58000                     0
59000                     0
60000                     0
61000                     0
62000                     0
63000                     0
64000                     0
65000                     0
66000                     0
67000                     0
68000                     0
69000                     0
70000                     0
71000                     0
72000                     0
73000                     0
74000                     0
75000                     0
76000                     0
77000                     0
78000                     0
79000                     0
80000                     0
81000                     0
82000                     0
83000                     0
84000                     0
85000                     0
86000                     0
87000                     0
88000                     0
89000                     0
90000                     0
91000                     0
92000                     0
93000                     0
94000                     0
95000                     0
96000                     0
97000                     0
98000                     0
99000                     0
100000                    0
101000                    0
102000                    0
103000                    0
104000                    0
105000                    0
106000                    0
107000                    0
108000                    0
109000                    0
110000                    0
111000                    0
112000                    0
113000                    0
114000                    0
115000                    0
116000                    0
117000                    0
118000                    0
119000                    0
120000                    0
121000                    0
122000                    0
123000                    0
124000                    0
125000                    0
126000                    0
127000                    0
128000                    0
129000                    0
130000                    0
131000                    0
132000                    0
133000                    0
134000                    0
135000                    0
136000                    0
137000                    0
138000                    0
139000                    0
140000                    0
141000                    0
142000                    0
143000                    0
144000                    0
145000                    0
146000                    0
147000                    0
148000                    0
149000                    0
150000                    0
151000                    0
152000                    0
153000                    0
154000                    0
155000                    0
156000                    0
157000                    0
158000                    0
159000                    0
160000                    0
161000                    0
162000                    0
163000                    0
164000                    0
165000                    0
166000                    0
167000                    0
168000                    0
169000                    0
170000                    0
171000                    0
172000                    0
173000                    0
174000                    0
175000                    0
176000                    0
177000                    0
178000                    0
179000                    0
180000                    0
181000                    0
182000                    0
183000                    0
184000                    0
185000                    0
186000                    0
187000                    0
188000                    0
189000                    0
190000                    0
191000                    0
192000                    0
193000                    0
194000                    0
195000                    0
196000                    0
197000                    0
198000                    0
199000                    0
200000                    0
201000                    0
202000                    0
203000                    0
204000                    0
205000                    0
206000                    0
207000                    0
208000                    0
209000                    0
210000                    0
211000                    0
212000                    0
213000                    0
214000                    0
215000                    0
216000                    0
217000                    0
218000                    0
219000                    0
220000                    0
221000                    0
222000                    0
223000                    0
224000                    0
225000                    0
226000                    0
227000                    0
228000                    0
229000                    0
230000                    0
231000                    0
232000                    0
233000                    0
234000                    0
235000                    0
236000                    0
237000                    0
238000                    0
239000                    0
240000                    0
241000                    0
242000                    0
243000                    0
244000                    0
245000                    0
246000                    0
247000                    0
248000                    0
249000                    0
250000                    0
251000                    0
252000                    0
253000                    0
254000                    0
255000                    0
256000                    0
257000                    0
258000                    0
259000                    0
260000                    0
261000                    0
262000                    0
263000                    0
264000                    0
265000                    0
266000                    0
267000                    0
268000                    0
269000                    0
270000                    0
271000                    0
272000                    0
273000                    0
274000                    0
275000                    0
276000                    0
277000                    0
278000                    0
279000                    0
280000                    0
281000                    1.4979952133508222E-136
282000                    6.819014489411885E-132
283000                    2.9440140846903045E-127
284000                    1.1946650980542727E-122
285000                    4.519786361793366E-118
286000                    1.5927062294985473E-113
287000                    5.22858835309207E-109
288000                    1.5998776620185926E-104
289000                    4.594709238250008E-100
290000                    1.2359562806360908E-95
291000                    3.106164770757982E-91
292000                    7.2962127310383714E-87
293000                    1.6026510879206852E-82
294000                    3.2937837737087714E-78
295000                    6.379223118645454E-74
296000                    1.1604364267385766E-69
297000                    1.9819799936062554E-65
298000                    3.202069128815551E-61
299000                    4.9650915725196493E-57
300000                    7.4145924803212795E-53
301000                    1.0604108408607735E-48
302000                    1.430656506112896E-44
303000                    1.8137394742301791E-40
304000                    2.1603609056069048E-36
305000                    2.4185152619719444E-32
306000                    2.5459240192009064E-28
307000                    2.5386038185809736E-24
308000                    2.385158575379589E-20
309000                    2.1187427119375678E-16
310000                    1.7910688911163255E-12
311000                    1.4361131086917916E-8
312000                    1.0891156311283411E-4
313000                    0.7950354579062772
314000                    5483.798507463371
315000                    3.6840371216417685E7
316000                    2.4233366130699118E11
317000                    1.441621959917907E15
318000                    4.8515048173925824E16
319000                    4.9480326512163176E16
320000                    4.947282201593644E16
321000                    4.94717824012566E16
322000                    4.94714330473328E16
323000                    4.9471400474507496E16
324000                    4.94713679016822E16
325000                    4.9471354332077432E16
326000                    4.947135366639788E16
327000                    4.9471353000718344E16
328000                    4.9471352335038792E16
329000                    4.947135166935924E16
330000                    4.9471351003679696E16
331000                    4.9471350924524768E16
332000                    4.9471350922374536E16
333000                    4.9471350920224304E16
334000                    4.9471350918074064E16
335000                    4.9471350915923816E16
336000                    4.9471350913773568E16
337000                    4.9471350911623336E16
338000                    4.9471350909473096E16
339000                    4.9471350907322856E16
340000                    4.9471350905172624E16
341000                    4.9471350903022384E16
342000                    4.947135090189976E16
343000                    4.947135090198016E16
344000                    4.9471350902060536E16
345000                    4.9471350902140944E16
346000                    4.9471350902221336E16
347000                    4.9471350902301736E16
348000                    4.9471350902382136E16
349000                    4.947135090246252E16
350000                    4.947135090254292E16
351000                    4.9471350902623328E16
352000                    4.9471350902703712E16
353000                    4.947135090278412E16
354000                    4.9471350902864512E16
355000                    4.9471350902944904E16
356000                    4.9471350903025304E16
357000                    4.9471350903105704E16
358000                    4.9471350903186088E16
359000                    4.9471350903266488E16
360000                    4.947135090334688E16
361000                    4.9471350903427272E16
362000                    4.9471350903507672E16
363000                    4.9471350903588072E16
364000                    4.9471350903668472E16
365000                    4.94713509037E16
366000                    4.9471350903700816E16
367000                    4.9471350903701656E16
368000                    4.9471350903702472E16
369000                    4.9471350903703312E16
370000                    4.9471350903704136E16
371000                    4.9471350903704968E16
372000                    4.9471350903705792E16
373000                    4.9471350903706624E16
374000                    4.9471350903707456E16
375000                    4.947135090370828E16
376000                    4.9471350903709112E16
377000                    4.9471350903709936E16
378000                    4.9471350903710768E16
379000                    4.94713509037116E16
380000                    4.9471350903712432E16
381000                    4.9471350903713248E16
382000                    4.947135090371408E16
383000                    4.9471350903714896E16
384000                    4.9471350903715736E16
385000                    4.947135090371656E16
386000                    4.9471350903717392E16
387000                    4.9471350903718224E16
388000                    4.9471350903719048E16
389000                    4.947135090371988E16
390000                    4.9471350903720704E16
391000                    4.9471350903721528E16
392000                    4.947135090372236E16
393000                    4.9471350903723184E16
394000                    4.9471350903724016E16
395000                    4.9471350903724856E16
396000                    4.9471350903725672E16
397000                    4.9471350903726512E16
398000                    4.9471350903727328E16
399000                    4.9471350903728168E16
400000                    4.9471350903728992E16
401000                    4.9471350903729824E16
402000                    4.9471350903730656E16
403000                    4.947135090373148E16
404000                    4.9471350903732312E16
405000                    4.9471350903733136E16
406000                    4.947135090373396E16
407000                    4.9471350903734792E16
408000                    4.9471350903735616E16
409000                    4.9471350903736448E16
410000                    4.947135090373728E16
411000                    4.9471350903737344E16
412000                    4.9471350903737352E16
413000                    4.9471350903737352E16
414000                    4.9471350903737352E16
415000                    4.947135090373736E16
416000                    4.947135090373736E16
417000                    4.947135090373736E16
418000                    4.9471350903737368E16
419000                    4.9471350903737368E16
420000                    4.9471350903737368E16
421000                    4.9471350903737368E16
422000                    4.9471350903737368E16
423000                    4.9471350903737368E16
424000                    4.9471350903737384E16
425000                    4.9471350903737384E16
426000                    4.9471350903737384E16
427000                    4.9471350903737392E16
428000                    4.9471350903737392E16
429000                    4.9471350903737392E16
430000                    4.94713509037374E16
431000                    4.94713509037374E16
432000                    4.94713509037374E16
433000                    4.9471350903737408E16
434000                    4.9471350903737408E16
435000                    4.9471350903737408E16
436000                    4.9471350903737408E16
437000                    4.9471350903737408E16
438000                    4.9471350903737408E16
439000                    4.9471350903737408E16
440000                    4.9471350903737424E16
441000                    4.9471350903737424E16
442000                    4.9471350903737424E16
443000                    4.9471350903737432E16
444000                    4.9471350903737432E16
445000                    4.9471350903737432E16
446000                    4.947135090373744E16
447000                    4.947135090373744E16
448000                    4.947135090373744E16
449000                    4.9471350903737448E16
450000                    4.9471350903737448E16
451000                    4.9471350903737448E16
452000                    4.9471350903737448E16
453000                    4.9471350903737448E16
454000                    4.9471350903737448E16
455000                    4.9471350903737464E16
456000                    4.9471350903737464E16
457000                    4.9471350903737464E16
458000                    4.9471350903737472E16
459000                    4.9471350903737472E16
460000                    4.9471350903737472E16
461000                    4.947135090373748E16
462000                    4.947135090373748E16
463000                    4.947135090373748E16
464000                    4.9471350903737488E16
465000                    4.9471350903737488E16
466000                    4.9471350903737488E16
467000                    4.9471350903737504E16
468000                    4.9471350903737504E16
469000                    4.9471350903737504E16
470000                    4.9471350903737504E16
471000                    4.9471350903737504E16
472000                    4.9471350903737504E16
473000                    4.9471350903737504E16
474000                    4.9471350903737504E16
475000                    4.9471350903737504E16
476000                    4.9471350903737512E16
477000                    4.9471350903737512E16
478000                    4.9471350903737512E16
479000                    4.947135090373752E16
480000                    4.947135090373752E16
481000                    4.947135090373752E16
482000                    4.9471350903737528E16
483000                    4.9471350903737528E16
484000                    4.9471350903737528E16
485000                    4.9471350903737528E16
486000                    4.9471350903737528E16
487000                    4.9471350903737528E16
488000                    4.9471350903737544E16
489000                    4.9471350903737544E16
490000                    4.9471350903737544E16
491000                    4.9471350903737552E16
492000                    4.9471350903737552E16
493000                    4.9471350903737552E16
494000                    4.947135090373756E16
495000                    4.947135090373756E16
496000                    4.947135090373756E16
497000                    4.9471350903737568E16
498000                    4.9471350903737568E16
499000                    4.9471350903737568E16
500000                    4.9471350903737568E16
501000                    4.9471350903737568E16
502000                    4.9471350903737568E16
503000                    4.9471350903737568E16
504000                    4.9471350903737568E16
505000                    4.9471350903737568E16
506000                    4.9471350903737568E16
507000                    4.9471350903737568E16
508000                    4.9471350903737568E16
509000                    4.9471350903737568E16
510000                    4.9471350903737568E16
511000                    4.9471350903737568E16
512000                    4.9471350903737568E16
513000                    4.9471350903737568E16
514000                    4.9471350903737568E16
515000                    4.9471350903737568E16
516000                    4.9471350903737568E16
517000                    4.9471350903737568E16
518000                    4.9471350903737568E16
519000                    4.9471350903737568E16
520000                    4.9471350903737568E16
521000                    4.9471350903737568E16
522000                    4.9471350903737568E16
523000                    4.9471350903737568E16
524000                    4.9471350903737568E16
525000                    4.9471350903737568E16
526000                    4.9471350903737568E16
527000                    4.9471350903737568E16
528000                    4.9471350903737568E16
529000                    4.9471350903737568E16
530000                    4.9471350903737568E16
531000                    4.9471350903737568E16
532000                    4.9471350903737568E16
533000                    4.9471350903737568E16
534000                    4.9471350903737568E16
535000                    4.9471350903737568E16
536000                    4.9471350903737568E16
537000                    4.9471350903737568E16
538000                    4.9471350903737568E16
539000                    4.9471350903737568E16
540000                    4.9471350903737568E16
541000                    4.9471350903737568E16
542000                    4.9471350903737568E16
543000                    4.9471350903737568E16
544000                    4.9471350903737568E16
545000                    4.9471350903737568E16
546000                    4.9471350903737568E16
547000                    4.9471350903737568E16
548000                    4.9471350903737568E16
549000                    4.9471350903737568E16
550000                    4.9471350903737568E16
551000                    4.9471350903737568E16
552000                    4.9471350903737568E16
553000                    4.9471350903737568E16
554000                    4.9471350903737568E16
555000                    4.9471350903737568E16
556000                    4.9471350903737568E16
557000                    4.9471350903737568E16
558000                    4.9471350903737568E16
559000                    4.9471350903737568E16
560000                    4.9471350903737568E16
561000                    4.9471350903737568E16
562000                    4.9471350903737568E16
563000                    4.9471350903737568E16
564000                    4.9471350903737568E16
565000                    4.9471350903737568E16
566000                    4.9471350903737568E16
567000                    4.9471350903737568E16
568000                    4.9471350903737568E16
569000                    4.9471350903737568E16
570000                    4.9471350903737568E16
571000                    4.9471350903737568E16
572000                    4.9471350903737568E16
573000                    4.9471350903737568E16
574000                    4.9471350903737568E16
575000                    4.9471350903737568E16
576000                    4.9471350903737568E16
577000                    4.9471350903737568E16
578000                    4.9471350903737568E16
579000                    4.9471350903737568E16
580000                    4.9471350903737568E16
581000                    4.9471350903737568E16
582000                    4.9471350903737568E16
583000                    4.9471350903737568E16
584000                    4.9471350903737568E16
585000                    4.9471350903737568E16
586000                    4.9471350903737568E16
587000                    4.9471350903737568E16
588000                    4.9471350903737568E16
589000                    4.9471350903737568E16
590000                    4.9471350903737568E16
591000                    4.9471350903737568E16
592000                    4.9471350903737568E16
593000                    4.9471350903737568E16
594000                    4.9471350903737568E16
595000                    4.9471350903737568E16
596000                    4.9471350903737568E16
597000                    4.9471350903737568E16
598000                    4.9471350903737568E16
599000                    4.9471350903737568E16
600000                    4.9471350903737568E16
601000                    4.9471350903737568E16
602000                    4.9471350903737568E16
603000                    4.9471350903737568E16
604000                    4.9471350903737568E16
605000                    4.9471350903737568E16
606000                    4.9471350903737568E16
607000                    4.9471350903737568E16
608000                    4.9471350903737568E16
609000                    4.9471350903737568E16
610000                    4.9471350903737568E16
611000                    4.9471350903737568E16
612000                    4.9471350903737568E16
613000                    4.9471350903737568E16
614000                    4.9471350903737568E16
615000                    4.9471350903737568E16
616000                    4.9471350903737568E16
617000                    4.9471350903737568E16
618000                    4.9471350903737568E16
619000                    4.9471350903737568E16
620000                    4.9471350903737568E16
621000                    4.9471350903737568E16
622000                    4.9471350903737568E16
623000                    4.9471350903737568E16
624000                    4.9471350903737568E16
625000                    4.9471350903737568E16
626000                    4.9471350903737568E16
627000                    4.9471350903737568E16
628000                    4.9471350903737568E16
629000                    4.9471350903737568E16
630000                    4.9471350903737568E16
631000                    4.9471350903737568E16
632000                    4.9471350903737568E16
633000                    4.9471350903737568E16
634000                    4.9471350903737568E16
635000                    4.9471350903737568E16
636000                    4.9471350903737568E16
637000                    4.9471350903737568E16
638000                    4.9471350903737568E16
639000                    4.9471350903737568E16
640000                    4.9471350903737568E16
641000                    4.9471350903737568E16
642000                    4.9471350903737584E16
643000                    4.9471350903737584E16
644000                    4.9471350903737584E16
645000                    4.9471350903737584E16
646000                    4.9471350903737584E16
647000                    4.9471350903737584E16
648000                    4.9471350903737584E16
649000                    4.9471350903737584E16
650000                    4.9471350903737584E16
651000                    4.9471350903737584E16
652000                    4.9471350903737584E16
653000                    4.9471350903737584E16
654000                    4.9471350903737584E16
655000                    4.9471350903737584E16
656000                    4.9471350903737584E16
657000                    4.9471350903737584E16
658000                    4.9471350903737584E16
659000                    4.9471350903737584E16
660000                    4.9471350903737584E16
661000                    4.9471350903737584E16
662000                    4.9471350903737584E16
663000                    4.9471350903737584E16
664000                    4.9471350903737584E16
665000                    4.9471350903737584E16
666000                    4.9471350903737584E16
667000                    4.9471350903737584E16
668000                    4.9471350903737584E16
669000                    4.9471350903737584E16
670000                    4.9471350903737584E16
671000                    4.9471350903737584E16
672000                    4.9471350903737584E16
673000                    4.9471350903737584E16
674000                    4.9471350903737584E16
675000                    4.9471350903737584E16
676000                    4.9471350903737584E16
677000                    4.9471350903737584E16
678000                    4.9471350903737584E16
679000                    4.9471350903737584E16
680000                    4.9471350903737584E16
681000                    4.9471350903737584E16
682000                    4.9471350903737584E16
683000                    4.9471350903737584E16
684000                    4.9471350903737584E16
685000                    4.9471350903737584E16
686000                    4.9471350903737584E16
687000                    4.9471350903737584E16
688000                    4.9471350903737584E16
689000                    4.9471350903737584E16
690000                    4.9471350903737584E16
691000                    4.9471350903737584E16
692000                    4.9471350903737584E16
693000                    4.9471350903737584E16
694000                    4.9471350903737584E16
695000                    4.9471350903737584E16
696000                    4.9471350903737584E16
697000                    4.9471350903737584E16
698000                    4.9471350903737584E16
699000                    4.9471350903737584E16
700000                    4.9471350903737584E16
701000                    4.9471350903737584E16
702000                    4.9471350903737584E16
703000                    4.9471350903737584E16
704000                    4.9471350903737584E16
705000                    4.9471350903737584E16
706000                    4.9471350903737584E16
707000                    4.9471350903737584E16
708000                    4.9471350903737584E16
709000                    4.9471350903737584E16
710000                    4.9471350903737584E16
711000                    4.9471350903737584E16
712000                    4.9471350903737584E16
713000                    4.9471350903737568E16
714000                    4.9471350903737568E16
715000                    4.9471350903737568E16
716000                    4.9471350903737568E16
717000                    4.9471350903737568E16
718000                    4.9471350903737568E16
719000                    4.9471350903737568E16
720000                    4.9471350903737568E16
721000                    4.9471350903737568E16
722000                    4.9471350903737568E16
723000                    4.9471350903737568E16
724000                    4.9471350903737568E16
725000                    4.9471350903737568E16
726000                    4.9471350903737568E16
727000                    4.9471350903737568E16
728000                    4.9471350903737568E16
729000                    4.9471350903737568E16
730000                    4.9471350903737568E16
731000                    4.9471350903737568E16
732000                    4.9471350903737568E16
733000                    4.9471350903737568E16
734000                    4.9471350903737568E16
735000                    4.9471350903737568E16
736000                    4.9471350903737568E16
737000                    4.9471350903737568E16
738000                    4.9471350903737568E16
739000                    4.9471350903737568E16
740000                    4.9471350903737568E16
741000                    4.9471350903737568E16
742000                    4.9471350903737568E16
743000                    4.9471350903737568E16
744000                    4.9471350903737568E16
745000                    4.947135090373756E16
746000                    4.947135090373756E16
747000                    4.947135090373756E16
748000                    4.947135090373756E16
749000                    4.947135090373756E16
750000                    4.947135090373756E16
751000                    4.947135090373756E16
752000                    4.947135090373756E16
753000                    4.947135090373756E16
754000                    4.947135090373756E16
755000                    4.947135090373756E16
756000                    4.947135090373756E16
757000                    4.947135090373756E16
758000                    4.947135090373756E16
759000                    4.947135090373756E16
760000                    4.947135090373756E16
761000                    4.9471350903737552E16
762000                    4.9471350903737552E16
763000                    4.9471350903737552E16
764000                    4.9471350903737552E16
765000                    4.9471350903737552E16
766000                    4.9471350903737552E16
767000                    4.9471350903737552E16
768000                    4.9471350903737552E16
769000                    4.9471350903737552E16
770000                    4.9471350903737552E16
771000                    4.9471350903737552E16
772000                    4.9471350903737552E16
773000                    4.9471350903737552E16
774000                    4.9471350903737552E16
775000                    4.9471350903737552E16
776000                    4.9471350903737552E16
777000                    4.9471350903737552E16
778000                    4.9471350903737544E16
779000                    4.9471350903737544E16
780000                    4.9471350903737544E16
781000                    4.9471350903737544E16
782000                    4.9471350903737544E16
783000                    4.9471350903737544E16
784000                    4.9471350903737544E16
785000                    4.9471350903737544E16
786000                    4.9471350903737544E16
787000                    4.9471350903737544E16
788000                    4.9471350903737544E16
789000                    4.9471350903737544E16
790000                    4.9471350903737544E16
791000                    4.9471350903737544E16
792000                    4.9471350903737544E16
793000                    4.9471350903737544E16
794000                    4.9471350903737528E16
795000                    4.9471350903737528E16
796000                    4.9471350903737528E16
797000                    4.9471350903737528E16
798000                    4.9471350903737528E16
799000                    4.9471350903737528E16
800000                    4.9471350903737528E16
801000                    4.9471350903737528E16
802000                    4.9471350903737528E16
803000                    4.9471350903737528E16
804000                    4.9471350903737528E16
805000                    4.9471350903737528E16
806000                    4.9471350903737528E16
807000                    4.9471350903737528E16
808000                    4.9471350903737528E16
809000                    4.9471350903737528E16
810000                    4.9471350903737528E16
811000                    4.9471350903737528E16
812000                    4.9471350903737528E16
813000                    4.9471350903737528E16
814000                    4.9471350903737528E16
815000                    4.9471350903737528E16
816000                    4.9471350903737528E16
817000                    4.9471350903737528E16
818000                    4.9471350903737528E16
819000                    4.9471350903737528E16
820000                    4.947135090373752E16
821000                    4.947135090373752E16
822000                    4.947135090373752E16
823000                    4.947135090373752E16
824000                    4.947135090373752E16
825000                    4.947135090373752E16
826000                    4.947135090373752E16
827000                    4.947135090373752E16
828000                    4.947135090373752E16
829000                    4.947135090373752E16
830000                    4.947135090373752E16
831000                    4.9471350903737512E16
832000                    4.9471350903737512E16
833000                    4.9471350903737512E16
834000                    4.9471350903737512E16
835000                    4.9471350903737512E16
836000                    4.9471350903737512E16
837000                    4.9471350903737512E16
838000                    4.9471350903737512E16
839000                    4.9471350903737512E16
840000                    4.9471350903737512E16
841000                    4.9471350903737512E16
842000                    4.9471350903737504E16
843000                    4.9471350903737504E16
844000                    4.9471350903737504E16
845000                    4.9471350903737504E16
846000                    4.9471350903737504E16
847000                    4.9471350903737504E16
848000                    4.9471350903737504E16
849000                    4.9471350903737504E16
850000                    4.9471350903737504E16
851000                    4.9471350903737504E16
852000                    4.9471350903737504E16
853000                    4.9471350903737504E16
854000                    4.9471350903737504E16
855000                    4.9471350903737504E16
856000                    4.9471350903737504E16
857000                    4.9471350903737504E16
858000                    4.9471350903737504E16
859000                    4.9471350903737504E16
860000                    4.9471350903737504E16
861000                    4.9471350903737504E16
862000                    4.9471350903737504E16
863000                    4.9471350903737504E16
864000                    4.9471350903737504E16
865000                    4.9471350903737504E16
866000                    4.9471350903737504E16
867000                    4.9471350903737504E16
868000                    4.9471350903737504E16
869000                    4.9471350903737504E16
870000                    4.9471350903737504E16
871000                    4.9471350903737504E16
872000                    4.9471350903737504E16
873000                    4.9471350903737504E16
874000                    4.9471350903737504E16
875000                    4.9471350903737488E16
876000                    4.9471350903737488E16
877000                    4.9471350903737488E16
878000                    4.9471350903737488E16
879000                    4.9471350903737488E16
880000                    4.9471350903737488E16
881000                    4.9471350903737488E16
882000                    4.9471350903737488E16
883000                    4.9471350903737488E16
884000                    4.9471350903737488E16
885000                    4.9471350903737488E16
886000                    4.947135090373748E16
887000                    4.947135090373748E16
888000                    4.947135090373748E16
889000                    4.947135090373748E16
890000                    4.947135090373748E16
891000                    4.947135090373748E16
892000                    4.947135090373748E16
893000                    4.947135090373748E16
894000                    4.947135090373748E16
895000                    4.947135090373748E16
896000                    4.947135090373748E16
897000                    4.9471350903737472E16
898000                    4.9471350903737472E16
899000                    4.9471350903737472E16
900000                    4.9471350903737472E16
901000                    4.9471350903737472E16
902000                    4.9471350903737472E16
903000                    4.9471350903737472E16
904000                    4.9471350903737472E16
905000                    4.947135090373748E16
906000                    4.947135090373748E16
907000                    4.947135090373748E16
908000                    4.947135090373748E16
909000                    4.947135090373748E16
910000                    4.947135090373748E16
911000                    4.947135090373748E16
912000                    4.947135090373748E16
913000                    4.947135090373748E16
914000                    4.947135090373748E16
915000                    4.9471350903737488E16
916000                    4.9471350903737488E16
917000                    4.9471350903737488E16
918000                    4.9471350903737488E16
919000                    4.9471350903737488E16
920000                    4.9471350903737488E16
921000                    4.9471350903737488E16
922000                    4.9471350903737488E16
923000                    4.9471350903737488E16
924000                    4.9471350903737488E16
925000                    4.9471350903737488E16
926000                    4.9471350903737504E16
927000                    4.9471350903737504E16
928000                    4.9471350903737504E16
929000                    4.9471350903737504E16
930000                    4.9471350903737504E16
931000                    4.9471350903737504E16
932000                    4.9471350903737504E16
933000                    4.9471350903737504E16
934000                    4.9471350903737504E16
935000                    4.9471350903737504E16
936000                    4.9471350903737504E16
937000                    4.9471350903737504E16
938000                    4.9471350903737504E16
939000                    4.9471350903737504E16
940000                    4.9471350903737504E16
941000                    4.9471350903737504E16
942000                    4.9471350903737504E16
943000                    4.9471350903737504E16
944000                    4.9471350903737504E16
945000                    4.9471350903737504E16
946000                    4.9471350903737504E16
947000                    4.9471350903737504E16
948000                    4.9471350903737504E16
949000                    4.9471350903737504E16
950000                    4.9471350903737504E16
951000                    4.9471350903737504E16
952000                    4.9471350903737504E16
953000                    4.9471350903737504E16
954000                    4.9471350903737504E16
955000                    4.9471350903737504E16
956000                    4.9471350903737512E16
957000                    4.9471350903737512E16
958000                    4.9471350903737512E16
959000                    4.9471350903737512E16
960000                    4.9471350903737512E16
961000                    4.9471350903737512E16
962000                    4.9471350903737512E16
963000                    4.9471350903737512E16
964000                    4.9471350903737512E16
965000                    4.9471350903737512E16
966000                    4.947135090373752E16
967000                    4.947135090373752E16
968000                    4.947135090373752E16
969000                    4.947135090373752E16
970000                    4.947135090373752E16
971000                    4.947135090373752E16
972000                    4.947135090373752E16
973000                    4.947135090373752E16
974000                    4.947135090373752E16
975000                    4.947135090373752E16
976000                    4.947135090373752E16
977000                    4.9471350903737528E16
978000                    4.9471350903737528E16
979000                    4.9471350903737528E16
980000                    4.9471350903737528E16
981000                    4.9471350903737528E16
982000                    4.9471350903737528E16
983000                    4.9471350903737528E16
984000                    4.9471350903737528E16
985000                    4.9471350903737528E16
986000                    4.9471350903737528E16
987000                    4.9471350903737528E16
988000                    4.9471350903737528E16
989000                    4.9471350903737528E16
990000                    4.9471350903737528E16
991000                    4.9471350903737528E16
992000                    4.9471350903737528E16
993000                    4.9471350903737528E16
994000                    4.9471350903737528E16
995000                    4.9471350903737528E16
996000                    4.9471350903737528E16
997000                    4.9471350903737544E16
998000                    4.9471350903737544E16
999000                    4.9471350903737544E16
1000000                   4.9471350903737544E16
