0                         22679.184152325994
1000                      1.769375404309694
2000                      129354.64528210317
3000                      3.366705468053283E7
4000                      92.34181267162339
5000                      1428.3576632188885
6000                      5921.541184778398
7000                      4.103936256275555E10
8000                      1.763260930141641E10
9000                      466.77407092048213
10000                     1.0070600580186943E11
11000                     9.445215034093205E10
12000                     1.8366438392340317E7
13000                     2.8295066818505588E9
14000                     4.109847121566765E8
15000                     1485254.7182295683
16000                     4951206.352768848
17000                     8.531956676603412E10
18000                     7155.924607102839
19000                     4561315.826943244
20000                     1.1590448881523189E8
21000                     8.637730455199528E7
22000                     5.91698921237545E8
23000                     677230.238290373
24000                     1.061218264103972E8
25000                     1.4730929357747687E7
26000                     2.2654268487389967E7
27000                     7556.725386563274
28000                     7.084744326918443E10
29000                     1.0172277406348352E11
30000                     1.1275534848296532E11
31000                     50205.3447509456
32000                     353.86610061991837
33000                     3.883981271144756E9
34000                     4.944065101027427E7
35000                     1.5912728585451314E9
36000                     46.70949754189217
37000                     2.940013147845271E11
38000                     4.931403851999735E10
39000                     2774516.1975097563
40000                     2.5091815814202526E10
41000                     4.942741088113226E9
42000                     3587250.9439723874
43000                     7.132454286662382E7
44000                     307079.37789287476
45000                     1.0392636721628761E10
46000                     1.514711183466922E7
47000                     3.736377663951467E9
48000                     113762.03845008908
49000                     1.99777946309814E10
50000                     4.386389546045986E10
51000                     5.4639769409341545E9
52000                     1703279.217495066
53000                     4875444.530289558
54000                     3.04646174601003E8
55000                     7.710487524645392E8
56000                     3.593736735515953E7
57000                     1.1801584406887474E11
58000                     1.1083863674558629E8
59000                     2.0520779883383737E9
60000                     7.642166652158242E11
61000                     493292.79304832144
62000                     1718603.5775690111
63000                     6.991139831555292E10
64000                     2.0232157760936063E7
65000                     1.2411526492720534E8
66000                     4.0202045464640014E7
67000                     2.416145154005067E8
68000                     6.122746494385743E11
69000                     67178.55449958419
70000                     3391476.914749638
71000                     17672.528960199626
72000                     6424724.333948972
73000                     1.0410158031855954E9
74000                     5.662527398318788E10
75000                     4.407960655099832E10
76000                     1.6317547553992233E11
77000                     4516618.8240936445
78000                     7.660481417387311E9
79000                     2.857939524517701E9
80000                     6.4616685378125105E9
81000                     158479.22768733476
82000                     3.2478413443973386E8
83000                     9800759.814481406
84000                     1.1617174713815947E9
85000                     1.1125726607856925E8
86000                     8.175827945458467E7
87000                     1.0662427200989766E11
88000                     2048.9616615427526
89000                     265518.72522600065
90000                     5711.9137179085965
91000                     3913.5770710342886
92000                     1085.6309251893983
93000                     176725.86420755237
94000                     318076.0317246257
95000                     1.2211669958695725E7
96000                     1.1000743469191866E8
97000                     6.471040841789958E9
98000                     2.091824521297969E11
99000                     3.163051982112071E7
100000                    3333608.7671819353
101000                    1.6374107683822423E7
102000                    2.694854582629278E11
103000                    8.993498490725973E9
104000                    8.47346226650697E10
105000                    1.1523850514213376E9
106000                    7573557.308498863
107000                    183798.1088866328
108000                    4.54846101389674E9
109000                    2.6048037387053745E10
110000                    1.0497735126480827E10
111000                    7.613849071719283E7
112000                    3.468271138775744E8
113000                    1.2035926786130385E11
114000                    1.0901154107843341E7
115000                    3.8670675263693094E8
116000                    3.3377343501016777E12
117000                    4.8840047960554E10
118000                    2.7467719995206923E9
119000                    5.0624879254790306E8
120000                    6.135458322036907E11
121000                    9.100214312384126E10
122000                    3.1967498200603424E11
123000                    6.686719721248586E10
124000                    1.677715755501977E12
125000                    1.4606682205289605E8
126000                    3.671482385430986E11
127000                    1.1527711670027702E9
128000                    6.654146842881156E7
129000                    1.2966450677581557E11
130000                    1.2535622980440093E12
131000                    4.216265138575143E12
132000                    2.0412857722009063E8
133000                    2.0167569186032133E9
134000                    4.441412073885102E9
135000                    4.896191085035666E9
136000                    2.7108051749641953E10
137000                    1223675.7605836072
138000                    2.6532303611970305E9
139000                    1.4853121993482358E9
140000                    3.535751132868781E8
141000                    3.8412708896703687E9
142000                    2.3762775193523002E8
143000                    2.3947086414929107E7
144000                    1.8270463096036953E8
145000                    8389688.7084363
146000                    3.3603616444372714E8
147000                    1.128381160750787E9
148000                    4.610917994801854E7
149000                    3.3788565717032723E9
150000                    3.5707858270875306E9
151000                    8.681864271683412E10
152000                    2.4777909553319986E11
153000                    9.522193464568834E11
154000                    1.4049594609148771E10
155000                    3.4319610076298847E9
156000                    1.5690524242890566E10
157000                    9.002024895878611E8
158000                    2.1355110204921088E9
159000                    1.512521881536293E10
160000                    8.711413730487122E9
161000                    1.3276591671101688E10
162000                    7.767700342507977E9
163000                    6.784123614228312E9
164000                    2.748690879911234E12
165000                    5.28739850757896E11
166000                    1.3637474707511177E11
167000                    8.399164332997704E7
168000                    2.898288660930678E7
169000                    8.348209949873029E11
170000                    1.542532082544513E11
171000                    2.520415402921853E12
172000                    3.2312939112519962E10
173000                    2243348.2518545697
174000                    5.642279760753606E9
175000                    3.5192891976154053E8
176000                    1.665805684680936E7
177000                    3.91604592042901E10
178000                    3.6604146173326426E12
179000                    1.8558840480800097E9
180000                    3.391941339127139E12
181000                    1.6195381507178976E11
182000                    1.071193776747711E12
183000                    7.57915497176297E11
184000                    4.559902211874308E11
185000                    3.338035489185919E11
186000                    3.393898249800867E12
187000                    6.749838361593153E9
188000                    1.2841474039638707E13
189000                    2.223025704745555E12
190000                    6.537500447993952E8
191000                    1.5661973024299293E9
192000                    2.7097530039939395E12
193000                    4.1533416144486496E10
194000                    5.157178862249463E10
195000                    2.608755190906435E10
196000                    1.4186323343078018E10
197000                    3.8949300704001945E10
198000                    1.5723887581885126E10
199000                    2.8274966627057896E12
200000                    2.8403576788322483E10
201000                    1.1996388068210438E13
202000                    1.309543576538029E12
203000                    8.879889979193403E9
204000                    2.893243113887302E9
205000                    2.5777352523708534E10
206000                    1.1097133590973113E7
207000                    2.0020208440555344E12
208000                    2.919458940901328E8
209000                    1.2971842154898327E10
210000                    1.0728912615370484E13
211000                    4.7160379629851715E10
212000                    2.621921568874877E10
213000                    3.9284812970332217E12
214000                    4.3227957144198994E12
215000                    1.4312309918480842E9
216000                    3.717561304963604E7
217000                    2.150068540949905E10
218000                    1.5568301780090372E10
219000                    1.316320925438376E10
220000                    4.4174722821100214E11
221000                    1.2124597093893454E9
222000                    5.239320875331639E11
223000                    2.75032503245696E8
224000                    1.2003872023086586E10
225000                    3.898164635538998E10
226000                    1.5115599550687897E11
227000                    7.645213151780238E9
228000                    8.153948181883314E12
229000                    3.1534213063245845E12
230000                    3.961116765838456E10
231000                    1.7396471098341055E9
232000                    5.824297638218008E8
233000                    7.050984282195545E8
234000                    6.202551282766058E8
235000                    5.448629725058053E10
236000                    1.114882006248953E9
237000                    1.5313941902355094E9
238000                    2.9386458058323395E8
239000                    3.643921972435538E9
240000                    2.819833863002018E12
241000                    3.665285587994638E8
242000                    1.0935255173229537E9
243000                    4.6650314083005475E11
244000                    4.347790226425548E10
245000                    5.740732946703299E10
246000                    1.7450173137379497E12
247000                    4.619456533981224E13
248000                    4.3673670174117633E11
249000                    1.8979170269303167E9
250000                    4.3150160100007065E10
251000                    1.2775909656186722E10
252000                    1.6863681787292984E10
253000                    5.192230665291925E11
254000                    2.6619742940896535E9
255000                    1.6143253045590269E12
256000                    5.801976573582101E11
257000                    7.209790893740004E10
258000                    2.86275755342075E12
259000                    1.5956344505303418E11
260000                    3.3610971288518027E12
261000                    8.384947390422572E10
262000                    2.1031242213406613E9
263000                    4.943088720065248E11
264000                    1.0038885666607178E13
265000                    3.7354366669568245E10
266000                    3.50860867166289E12
267000                    3.2491983283081276E10
268000                    1.9296672575975192E11
269000                    2.7175775424843945E10
270000                    2.755182634252568E11
271000                    3.5721686701934296E10
272000                    2.1761750861168823E11
273000                    1.2767993655013242E12
274000                    2.367711112277564E12
275000                    2.461518704839092E13
276000                    1.0326949786572786E10
277000                    3.410804600047305E11
278000                    1.1590273142660671E12
279000                    4.666176343494153E11
280000                    1.649529515940829E10
281000                    2.9732246294131636E12
282000                    3.605264466876769E11
283000                    2.49407587995322E9
284000                    3.777571062695921E10
285000                    1.5864192159780773E10
286000                    4.705154306260817E10
287000                    1.772729916324091E10
288000                    2.137077182123767E10
289000                    3.2381699679219086E10
290000                    5.230452842718394E10
291000                    8.441407067035632E10
292000                    1.3637811724839168E11
293000                    2.1736150892972244E11
294000                    3.7318370935966095E11
295000                    5.655145413261326E11
296000                    9.314244642556283E11
297000                    1.4883090008289746E12
298000                    2.362815727501518E12
299000                    3.7843621086648174E12
300000                    6.08339651736659E12
300100                    6.372639445210687E12
300200                    6.661882373054783E12
300300                    6.99346678851122E12
300400                    7.368075928265876E12
300500                    7.742685068020531E12
300600                    8.113396679062881E12
300700                    8.48244395610245E12
300800                    8.85149123314202E12
300900                    9.338602498673426E12
301000                    9.838032160843127E12
301100                    1.032241677817988E13
301200                    1.0685423549445775E13
301300                    1.1048430320711668E13
301400                    1.1510882271369074E13
301500                    1.2189544124500465E13
301600                    1.286820597763186E13
301700                    1.353136383645834E13
301800                    1.4190629429814016E13
301900                    1.4909966915423451E13
302000                    1.5681477436693316E13
302100                    1.64911184388286E13
302200                    1.7403309757323164E13
302300                    1.8314581928225285E13
302400                    1.9034482837179195E13
302500                    1.963705987636904E13
302600                    2.0520791083408555E13
302700                    2.191121720754422E13
302800                    2.267860533127577E13
302900                    2.4237437024480758E13
303000                    2.542925924042383E13
303100                    2.6488834650875945E13
303200                    2.802312861337911E13
303300                    2.9523796660441105E13
303400                    3.051974829076736E13
303500                    3.138433435436513E13
303600                    3.2583283334831473E13
303700                    3.4604307571626812E13
303800                    3.670098688405118E13
303900                    3.8888502002791766E13
304000                    4.040589927851346E13
304100                    4.197571804513113E13
304200                    4.428518420585014E13
304300                    4.6637737648896375E13
304400                    4.9021543183458195E13
304500                    5.13476323381893E13
304600                    5.367098077158388E13
304700                    5.599432920497847E13
304800                    5.8483096684920805E13
304900                    6.1041150260524914E13
305000                    6.359920383612903E13
305100                    6.660139772295748E13
305200                    7.013574772016969E13
305300                    7.36700977173819E13
305400                    7.721064043996448E13
305500                    8.077519117739398E13
305600                    8.433974191482345E13
305700                    8.790429265225294E13
305800                    9.247365678305472E13
305900                    9.709016922527734E13
306000                    1.0170668166749997E14
306100                    1.0652073297622656E14
306200                    1.1141731961310616E14
306300                    1.1631390624998573E14
306400                    1.2191898561546969E14
306500                    1.2837120321053361E14
306600                    1.348234208055975E14
306700                    1.4106802871658822E14
306800                    1.465103046248738E14
306900                    1.5195258053315947E14
307000                    1.5739485644144506E14
307100                    1.6588642697479953E14
307200                    1.7451936126259206E14
307300                    1.8315229555038453E14
307400                    1.9301392190501203E14
307500                    2.0338764974799975E14
307600                    2.1376137759098734E14
307700                    2.2418170715209128E14
307800                    2.346151089803929E14
307900                    2.4504851080869453E14
308000                    2.5691899118534278E14
308100                    2.6903111675823438E14
308200                    2.8114324233112597E14
308300                    2.9675561534679394E14
308400                    3.126267194150015E14
308500                    3.284761830419094E14
308600                    3.4090436079477844E14
308700                    3.5333253854764756E14
308800                    3.664476989437022E14
308900                    3.8731535204783806E14
309000                    4.081830051519739E14
309100                    4.290335233101626E14
309200                    4.4979169964956575E14
309300                    4.705498759889689E14
309400                    4.941000905467751E14
309500                    5.201853559944069E14
309600                    5.462706214420387E14
309700                    5.636728354978934E14
309800                    5.800207349713898E14
309900                    6.019858112388026E14
310000                    6.399941428943731E14
310100                    6.780024745499435E14
310200                    7.103869463435452E14
310300                    7.42077559499937E14
310400                    7.826699703037562E14
310500                    8.238045572425461E14
310600                    8.548394459697591E14
310700                    8.866899529042249E14
310800                    9.359404687573388E14
310900                    9.846965854586862E14
311000                    1.0289953472118882E15
311100                    1.0741287631009195E15
311200                    1.1239092615078004E15
311300                    1.1734396526402285E15
311400                    1.221998199522728E15
311500                    1.2765232727135705E15
311600                    1.3482891867484892E15
311700                    1.4170835351594998E15
311800                    1.4792486983500548E15
311900                    1.544180140510155E15
312000                    1.6139884037800518E15
312100                    1.6934641484240698E15
312200                    1.786604136239454E15
312300                    1.8644718225906045E15
312400                    1.9248924749261048E15
312500                    2.0046553367709865E15
312600                    2.1023309702666882E15
312700                    2.2287804274886942E15
312800                    2.33536269082483E15
312900                    2.4337240614710245E15
313000                    2.566974839743096E15
313100                    2.680819128734787E15
313200                    2.8140482000224175E15
313300                    2.970958705278695E15
313400                    3.047640485837687E15
313500                    3.1698149611342195E15
313600                    3.3053937714179375E15
313700                    3.4426813130875475E15
313800                    3.613152327159385E15
313900                    3.814910888901389E15
314000                    3.965509562089408E15
314100                    4.1190211598266495E15
314200                    4.328340986150502E15
314300                    4.482428322574109E15
314400                    4.660619493173298E15
314500                    4.927176243942438E15
314600                    5.156810618821871E15
314700                    5.383297955302642E15
314800                    5.602438556947892E15
314900                    5.758887903362595E15
315000                    6.001704355610459E15
315100                    6.342592380905368E15
315200                    6.70468398251211E15
315300                    6.931132304165114E15
315400                    7.211910324318408E15
315500                    7.3648351834277E15
315600                    7.710610772751612E15
315700                    8.070092604960182E15
315800                    8.39295698050605E15
315900                    8.78492960114267E15
316000                    9.022064958584204E15
316100                    9.3007792529696E15
316200                    9.793085260924104E15
316300                    1.0212777599197738E16
316400                    1.054315622795685E16
316500                    1.1014342406729824E16
316600                    1.1402415450760836E16
316700                    1.193490212526907E16
316800                    1.2157219586913258E16
316900                    1.26003847660575E16
317000                    1.3244302480453462E16
317100                    1.381932999160277E16
317200                    1.4326609835630076E16
317300                    1.4780707567084188E16
317400                    1.4963727368170966E16
317500                    1.532509362989378E16
317600                    1.6010644847072912E16
317700                    1.6606297056303428E16
317800                    1.7144734574592062E16
317900                    1.7614208222138042E16
318000                    1.8083681869684024E16
318100                    1.8564060189538684E16
318200                    1.9201295949246564E16
318300                    1.983853170895444E16
318400                    2.0474307930927928E16
318500                    2.08226248376788E16
318600                    2.1170941744429672E16
318700                    2.151925865118054E16
318800                    2.2230513225791E16
318900                    2.2962849447260076E16
319000                    2.369518566872916E16
319100                    2.4225767108351476E16
319200                    2.473017137340896E16
319300                    2.5238592520942692E16
319400                    2.5773613412518616E16
319500                    2.6308634304094544E16
319600                    2.6855619262995268E16
319700                    2.7422354453624532E16
319800                    2.7989089644253784E16
319900                    2.8468560177691972E16
320000                    2.8895289091025448E16
320100                    2.9322018004358928E16
320200                    2.9867724763694872E16
320300                    3.0431314141244936E16
320400                    3.0966702318535304E16
320500                    3.1285877202449168E16
320600                    3.160505208636304E16
320700                    3.1962204797304996E16
320800                    3.2386456691032944E16
320900                    3.2810708584760892E16
321000                    3.3488587855278356E16
321100                    3.4330351011997156E16
321200                    3.5172114168715956E16
321300                    3.5452961821151492E16
321400                    3.563754600269372E16
321500                    3.5858778030670428E16
321600                    3.6411438178306472E16
321700                    3.6964098325942528E16
321800                    3.7429505837659472E16
321900                    3.7841664181334456E16
322000                    3.8252089294957912E16
322100                    3.8652080220967624E16
322200                    3.9052071146977336E16
322300                    3.9249576608163064E16
322400                    3.9344568887037736E16
322500                    3.9439561165912408E16
322600                    3.953455344478708E16
322700                    3.9629545723661752E16
322800                    3.9905778686495248E16
322900                    4.0257205335333856E16
323000                    4.0608631984172456E16
323100                    4.0960058633011064E16
323200                    4.1311485281849672E16
323300                    4.1574528735734208E16
323400                    4.1808056842013792E16
323500                    4.2041584948293376E16
323600                    4.2275113054572944E16
323700                    4.2508641160852528E16
323800                    4.2729462938472808E16
323900                    4.29469585744746E16
324000                    4.3164454210476408E16
324100                    4.3381949846478216E16
324200                    4.3599445482480016E16
324300                    4.3740541087272408E16
324400                    4.386658564182188E16
324500                    4.3992630196371336E16
324600                    4.41186747509208E16
324700                    4.4244719305470272E16
324800                    4.4370763860019728E16
324900                    4.4496808414569184E16
325000                    4.462285296911864E16
325100                    4.4748897523668112E16
325200                    4.4874942078217576E16
325300                    4.4984795070124744E16
325400                    4.5093262732794376E16
325500                    4.5201730395464016E16
325600                    4.5310198058133664E16
325700                    4.5418665720803296E16
325800                    4.5527133383472936E16
325900                    4.5635601046142584E16
326000                    4.5744068708812216E16
326100                    4.5852536371481864E16
326200                    4.596072088315936E16
326300                    4.6028445061081816E16
326400                    4.6096169239004296E16
326500                    4.6163893416926752E16
326600                    4.6231617594849208E16
326700                    4.629934177277168E16
326800                    4.6367065950694144E16
326900                    4.6434790128616608E16
327000                    4.6502514306539064E16
327100                    4.6570238484461536E16
327200                    4.6637962662383992E16
327300                    4.6705686840306464E16
327400                    4.677341101822892E16
327500                    4.6841135196151384E16
327600                    4.6908859374073856E16
327700                    4.6976583551996312E16
327800                    4.7044307729918776E16
327900                    4.7112031907841232E16
328000                    4.7179756085763704E16
328100                    4.7247480263686168E16
328200                    4.731075918732904E16
328300                    4.7353577125866064E16
328400                    4.739639506440308E16
328500                    4.7439213002940104E16
328600                    4.748203094147712E16
328700                    4.7524848880014144E16
328800                    4.7567666818551168E16
328900                    4.7610484757088184E16
329000                    4.76533026956252E16
329100                    4.7696120634162224E16
329200                    4.773893857269924E16
329300                    4.7781756511236272E16
329400                    4.782457444977328E16
329500                    4.7867392388310304E16
329600                    4.791021032684732E16
329700                    4.7953028265384344E16
329800                    4.7995846203921368E16
329900                    4.8038664142458392E16
330000                    4.80814820809954E16
330100                    4.8124300019532432E16
330200                    4.8157187541059864E16
330300                    4.817163362875344E16
330400                    4.8186079716447024E16
330500                    4.8200525804140592E16
330600                    4.8214971891834168E16
330700                    4.8229417979527752E16
330800                    4.8243864067221312E16
330900                    4.8258310154914896E16
331000                    4.8272756242608472E16
331100                    4.8287202330302048E16
331200                    4.8301648417995624E16
331300                    4.8316094505689192E16
331400                    4.8330540593382776E16
331500                    4.8344986681076336E16
331600                    4.8359432768769912E16
331700                    4.8373878856463496E16
331800                    4.8388324944157064E16
331900                    4.840277103185064E16
332000                    4.8417217119544224E16
332100                    4.8431663207237792E16
332200                    4.844610929493136E16
332300                    4.8460555382624928E16
332400                    4.8475001470318512E16
332500                    4.8489447558012088E16
332600                    4.8503893645705656E16
332700                    4.851833973339924E16
332800                    4.8532785821092816E16
332900                    4.8547231908786376E16
333000                    4.856167799647996E16
333100                    4.8576124084173536E16
333200                    4.8590570171867104E16
333300                    4.860501625956068E16
333400                    4.8619462347254264E16
333500                    4.8633908434947832E16
333600                    4.86483545226414E16
333700                    4.8662800610334984E16
333800                    4.8677246698028552E16
333900                    4.8691692785722128E16
334000                    4.8706138873415712E16
334100                    4.872058496110928E16
334200                    4.873238025041408E16
334300                    4.8743001615098408E16
334400                    4.875362297978272E16
334500                    4.8764244344467032E16
334600                    4.877486570915136E16
334700                    4.8785487073835688E16
334800                    4.8796108438520008E16
334900                    4.880672980320432E16
335000                    4.8817351167888648E16
335100                    4.8827972532572968E16
335200                    4.8838593897257296E16
335300                    4.8849215261941608E16
335400                    4.8859836626625928E16
335500                    4.8870457991310256E16
335600                    4.8881079355994584E16
335700                    4.8891700720678904E16
335800                    4.8902322085363216E16
335900                    4.8912943450047536E16
336000                    4.8923564814731872E16
336100                    4.8934186179416192E16
336200                    4.8944807544100504E16
336300                    4.8955428908784824E16
336400                    4.8966050273469152E16
336500                    4.897667163815348E16
336600                    4.8987293002837792E16
336700                    4.8997914367522104E16
336800                    4.9008535732206424E16
336900                    4.901915709689076E16
337000                    4.9029778461575072E16
337100                    4.9040399826259392E16
337200                    4.9051021190943712E16
337300                    4.9061642555628032E16
337400                    4.907226392031236E16
337500                    4.908288528499668E16
337600                    4.9093506649681E16
337700                    4.910412801436532E16
337800                    4.9114749379049656E16
337900                    4.9125370743733968E16
338000                    4.9135992108418288E16
338100                    4.9146391496757128E16
338200                    4.9150868912527624E16
338300                    4.9155346328298144E16
338400                    4.915982374406864E16
338500                    4.9164301159839144E16
338600                    4.9168778575609656E16
338700                    4.917325599138016E16
338800                    4.9177733407150656E16
338900                    4.9182210822921176E16
339000                    4.9186688238691672E16
339100                    4.9191165654462184E16
339200                    4.9195643070232688E16
339300                    4.9200120486003192E16
339400                    4.9204597901773704E16
339500                    4.92090753175442E16
339600                    4.9213552733314712E16
339700                    4.9218030149085216E16
339800                    4.922250756485572E16
339900                    4.9226984980626216E16
340000                    4.9231462396396728E16
340100                    4.9235939812167224E16
340200                    4.9240417227937728E16
340300                    4.924489464370824E16
340400                    4.9249372059478744E16
340500                    4.925384947524924E16
340600                    4.925832689101976E16
340700                    4.9262804306790256E16
340800                    4.926728172256076E16
340900                    4.9271759138331272E16
341000                    4.9276236554101776E16
341100                    4.928071396987228E16
341200                    4.9285191385642784E16
341300                    4.9289668801413296E16
341400                    4.9294146217183792E16
341500                    4.9298623632954304E16
341600                    4.9303101048724808E16
341700                    4.9307578464495312E16
341800                    4.9312055880265816E16
341900                    4.931653329603632E16
342000                    4.9321010711806832E16
342100                    4.9325201269068056E16
342200                    4.9328922179782128E16
342300                    4.93326430904962E16
342400                    4.933636400121028E16
342500                    4.9340084911924352E16
342600                    4.9343805822638432E16
342700                    4.9347526733352504E16
342800                    4.9351247644066576E16
342900                    4.9354968554780656E16
343000                    4.9358689465494728E16
343100                    4.9362410376208792E16
343200                    4.936613128692288E16
343300                    4.9369852197636952E16
343400                    4.9373573108351016E16
343500                    4.9377294019065104E16
343600                    4.9381014929779176E16
343700                    4.938473584049324E16
343800                    4.938845675120732E16
343900                    4.9392177661921408E16
344000                    4.9395898572635472E16
344100                    4.9399619483349544E16
344200                    4.9403340394063624E16
344300                    4.9407061304777696E16
344400                    4.9410782215491768E16
344500                    4.9414503126205848E16
344600                    4.9418224036919928E16
344700                    4.9421944947633992E16
344800                    4.9425665858348064E16
344900                    4.942938676906216E16
345000                    4.9433107679776224E16
345100                    4.9436828590490296E16
345200                    4.9440549501204368E16
345300                    4.944427041191844E16
345400                    4.9447991322632512E16
345500                    4.9451712233346592E16
345600                    4.9455433144060672E16
345700                    4.9459154054774744E16
345800                    4.9462874965488816E16
345900                    4.9466595876202888E16
346000                    4.947031678691696E16
346100                    4.947293155482312E16
346200                    4.9475055617582384E16
346300                    4.9477103823172704E16
346400                    4.947907617159408E16
346500                    4.9480972662846488E16
346600                    4.9482793296929936E16
346700                    4.9484538073844464E16
346800                    4.9486206993590016E16
346900                    4.9487800056166624E16
347000                    4.948931726157428E16
347100                    4.9490758609812992E16
347200                    4.9492124100882744E16
347300                    4.949341373478356E16
347400                    4.9494627511515416E16
347500                    4.949576543107832E16
347600                    4.9496827493472264E16
347700                    4.949781369869728E16
347800                    4.9498724046753328E16
347900                    4.9499558537640432E16
348000                    4.9500317171358592E16
348100                    4.9500999947907784E16
348200                    4.9501606867288032E16
348300                    4.950213792949932E16
348400                    4.9502593134541664E16
348500                    4.9502972482415048E16
348600                    4.950327597311952E16
348700                    4.9503503606655016E16
348800                    4.9503655383021544E16
348900                    4.9503731302219136E16
349000                    4.9503731364247784E16
349100                    4.9503655569107472E16
349200                    4.9503503916798224E16
349300                    4.9503276407320008E16
349400                    4.950297304067284E16
349500                    4.9502593816856736E16
349600                    4.9502138735871672E16
349700                    4.9501607797717656E16
349800                    4.9501001002394704E16
349900                    4.9500318349902776E16
350000                    4.9499559840241904E16
350100                    4.9498725473412096E16
350200                    4.9497815249413336E16
350300                    4.9496829168245616E16
350400                    4.9495767229908952E16
350500                    4.9494629434403328E16
350600                    4.9493415781728744E16
350700                    4.9492126271885224E16
350800                    4.9490760904872752E16
350900                    4.9489319680691344E16
351000                    4.9487802599340968E16
351100                    4.9486209660821632E16
351200                    4.9484540865133368E16
351300                    4.948279621227612E16
351400                    4.9480975702249952E16
351500                    4.9479079335054816E16
351600                    4.9477107110690752E16
351700                    4.9475059029157712E16
351800                    4.9472935090455744E16
351900                    4.94707352945848E16
352000                    4.946845964154492E16
352100                    4.9466108131336088E16
352200                    4.9463680763958304E16
352300                    4.946117753941156E16
352400                    4.945859845769588E16
352500                    4.9455943518811248E16
352600                    4.9453212722757656E16
352700                    4.945040606953512E16
352800                    4.944752355914364E16
352900                    4.9444565191583184E16
353000                    4.94415309668538E16
353100                    4.9438420884955464E16
353200                    4.9435234945888176E16
353300                    4.9431973149651928E16
353400                    4.9428635496246744E16
353500                    4.9425221985672592E16
353600                    4.9421732617929496E16
353700                    4.9418167393017448E16
353800                    4.9414526310936448E16
353900                    4.9410809371686504E16
354000                    4.9408897818641688E16
354100                    4.9409689308867392E16
354200                    4.9410480799093096E16
354300                    4.94112722893188E16
354400                    4.941206377954452E16
354500                    4.9412855269770224E16
354600                    4.9413646759995936E16
354700                    4.9414438250221656E16
354800                    4.9415229740447352E16
354900                    4.9416021230673064E16
355000                    4.9416812720898776E16
355100                    4.9417604211124472E16
355200                    4.9418395701350192E16
355300                    4.9419187191575896E16
355400                    4.9419978681801608E16
355500                    4.9420770172027312E16
355600                    4.9421561662253024E16
355700                    4.9422353152478736E16
355800                    4.9423144642704448E16
355900                    4.9423936132930152E16
356000                    4.9424727623155864E16
356100                    4.942551911338156E16
356200                    4.942631060360728E16
356300                    4.9427102093832984E16
356400                    4.9427893584058688E16
356500                    4.9428685074284408E16
356600                    4.9429476564510104E16
356700                    4.9430268054735824E16
356800                    4.9431059544961528E16
356900                    4.943185103518724E16
357000                    4.9432642525412944E16
357100                    4.9433434015638648E16
357200                    4.943422550586436E16
357300                    4.9435016996090072E16
357400                    4.9435808486315776E16
357500                    4.9436599976541496E16
357600                    4.94373914667672E16
357700                    4.9438182956992912E16
357800                    4.9438974447218624E16
357900                    4.943976593744432E16
358000                    4.9440557427670032E16
358100                    4.9441348917895744E16
358200                    4.9442140408121448E16
358300                    4.9442931898347168E16
358400                    4.9443723388572864E16
358500                    4.9444514878798584E16
358600                    4.9445306369024288E16
358700                    4.9446097859249992E16
358800                    4.9446889349475704E16
358900                    4.94476808397014E16
359000                    4.944847232992712E16
359100                    4.944926382015284E16
359200                    4.9450055310378536E16
359300                    4.9450846800604248E16
359400                    4.9451638290829952E16
359500                    4.9452429781055664E16
359600                    4.9453221271281384E16
359700                    4.945401276150708E16
359800                    4.9454804251732792E16
359900                    4.9455595741958496E16
360000                    4.9456387232184208E16
360100                    4.945717872240992E16
360200                    4.9457970212635616E16
360300                    4.9458761702861336E16
360400                    4.9459553193087048E16
360500                    4.9460344683312752E16
360600                    4.9461136173538472E16
360700                    4.946192766376416E16
360800                    4.946271915398988E16
360900                    4.9463510644215592E16
361000                    4.9464302134441288E16
361100                    4.9465093624667008E16
361200                    4.9465885114892704E16
361300                    4.9466676605118424E16
361400                    4.9467468095344144E16
361500                    4.946825958556984E16
361600                    4.9469051075795544E16
361700                    4.9469842566021248E16
361800                    4.947063405624696E16
361900                    4.9471358238437424E16
362000                    4.9471437388277136E16
362100                    4.9471516538116848E16
362200                    4.947159568795656E16
362300                    4.947167483779628E16
362400                    4.9471753987635984E16
362500                    4.9471833137475704E16
362600                    4.9471912287315416E16
362700                    4.9471991437155128E16
362800                    4.947207058699484E16
362900                    4.947214973683456E16
363000                    4.947222888667428E16
363100                    4.9472308036513976E16
363200                    4.9472387186353696E16
363300                    4.9472466336193424E16
363400                    4.9472545486033128E16
363500                    4.9472624635872832E16
363600                    4.947270378571256E16
363700                    4.947278293555228E16
363800                    4.9472862085391976E16
363900                    4.9472941235231696E16
364000                    4.9473020385071416E16
364100                    4.9473099534911128E16
364200                    4.9473178684750832E16
364300                    4.9473257834590552E16
364400                    4.9473336984430264E16
364500                    4.9473416134269976E16
364600                    4.9473495284109696E16
364700                    4.9473574433949408E16
364800                    4.947365358378912E16
364900                    4.9473732733628832E16
365000                    4.9473811883468552E16
365100                    4.9473891033308256E16
365200                    4.9473970183147968E16
365300                    4.9474049332987688E16
365400                    4.9474128482827408E16
365500                    4.9474207632667112E16
365600                    4.9474286782506824E16
365700                    4.9474365932346544E16
365800                    4.9474445082186256E16
365900                    4.947452423202596E16
366000                    4.947460338186568E16
366100                    4.9474682531705408E16
366200                    4.947476168154512E16
366300                    4.9474840831384824E16
366400                    4.9474919981224544E16
366500                    4.9474999131064256E16
366600                    4.9475078280903976E16
366700                    4.947515743074368E16
366800                    4.9475236580583392E16
366900                    4.9475315730423112E16
367000                    4.9475394880262824E16
367100                    4.9475474030102544E16
367200                    4.9475553179942248E16
367300                    4.9475632329781968E16
367400                    4.947571147962168E16
367500                    4.9475790629461392E16
367600                    4.9475869779301104E16
367700                    4.9475948929140816E16
367800                    4.9476028078980536E16
367900                    4.9476107228820248E16
368000                    4.947618637865996E16
368100                    4.9476265528499672E16
368200                    4.9476344678339384E16
368300                    4.9476423828179104E16
368400                    4.9476502978018808E16
368500                    4.947658212785852E16
368600                    4.947666127769824E16
368700                    4.9476740427537968E16
368800                    4.9476819577377672E16
368900                    4.9476898727217376E16
369000                    4.9476977877057104E16
369100                    4.9477057026896816E16
369200                    4.947713617673652E16
369300                    4.947721532657624E16
369400                    4.947729447641596E16
369500                    4.9477373626255672E16
369600                    4.9477452776095384E16
369700                    4.9477531925935096E16
369800                    4.9477611075774816E16
369900                    4.947769022561452E16
370000                    4.947776937545424E16
370100                    4.9477848525293952E16
370200                    4.9477927675133664E16
370300                    4.9478006824973376E16
370400                    4.9478085974813096E16
370500                    4.9478165124652808E16
370600                    4.9478244274492512E16
370700                    4.9478323424332232E16
370800                    4.9478402574171952E16
370900                    4.9478481724011648E16
371000                    4.9478560873851368E16
371100                    4.9478640023691088E16
371200                    4.9478719173530816E16
371300                    4.9478798323370504E16
371400                    4.9478877473210224E16
371500                    4.9478956623049952E16
371600                    4.9479035772889648E16
371700                    4.9479114922729368E16
371800                    4.9479194072569088E16
371900                    4.9479273222408808E16
372000                    4.9479352372248512E16
372100                    4.9479431522088224E16
372200                    4.9479510671927944E16
372300                    4.9479589821767648E16
372400                    4.9479668971607368E16
372500                    4.9479748121447088E16
372600                    4.9479827271286792E16
372700                    4.9479906421126504E16
372800                    4.9479985570966224E16
372900                    4.9480064720805944E16
373000                    4.9480143870645648E16
373100                    4.948022302048536E16
373200                    4.948030217032508E16
373300                    4.9480381320164792E16
373400                    4.9480460470004496E16
373500                    4.9480539619844216E16
373600                    4.9480618769683936E16
373700                    4.9480697919523648E16
373800                    4.9480777069363352E16
373900                    4.9480856219203072E16
374000                    4.9480935369042784E16
374100                    4.9481014518882496E16
374200                    4.9481093668722216E16
374300                    4.948117281856192E16
374400                    4.9481251968401648E16
374500                    4.948133111824136E16
374600                    4.9481410268081072E16
374700                    4.9481489417920784E16
374800                    4.9481568567760496E16
374900                    4.9481647717600216E16
375000                    4.9481726867439928E16
375100                    4.948180601727964E16
375200                    4.9481885167119352E16
375300                    4.9481964316959072E16
375400                    4.9482043466798784E16
375500                    4.9482122616638488E16
375600                    4.9482201766478208E16
375700                    4.948228091631792E16
375800                    4.948236006615764E16
375900                    4.9482439215997344E16
376000                    4.9482518365837064E16
376100                    4.9482597515676776E16
376200                    4.9482676665516496E16
376300                    4.94827558153562E16
376400                    4.9482834965195912E16
376500                    4.9482914115035632E16
376600                    4.9482993264875344E16
376700                    4.9483072414715048E16
376800                    4.9483151564554768E16
376900                    4.9483230714394496E16
377000                    4.9483309864234208E16
377100                    4.9483389014073904E16
377200                    4.9483468163913632E16
377300                    4.9483547313753344E16
377400                    4.9483626463593056E16
377500                    4.9483705613432776E16
377600                    4.9483784763272488E16
377700                    4.94838639131122E16
377800                    4.9483893192185296E16
377900                    4.9483865490170488E16
378000                    4.9483837788155672E16
378100                    4.948381008614088E16
378200                    4.9483782384126064E16
378300                    4.9483754682111256E16
378400                    4.948372698009644E16
378500                    4.948369927808164E16
378600                    4.9483671576066816E16
378700                    4.9483643874052016E16
378800                    4.94836161720372E16
378900                    4.94835884700224E16
379000                    4.9483560768007584E16
379100                    4.9483533065992768E16
379200                    4.948350536397796E16
379300                    4.9483477661963144E16
379400                    4.9483449959948344E16
379500                    4.9483422257933528E16
379600                    4.9483394555918736E16
379700                    4.9483366853903912E16
379800                    4.9483339151889112E16
379900                    4.9483311449874288E16
380000                    4.9483283747859488E16
380100                    4.9483256045844664E16
380200                    4.9483228343829864E16
380300                    4.9483200641815056E16
380400                    4.9483172939800256E16
380500                    4.9483145237785432E16
380600                    4.9483117535770632E16
380700                    4.9483089833755816E16
380800                    4.9483062131741008E16
380900                    4.94830344297262E16
381000                    4.9483006727711384E16
381100                    4.9482979025696584E16
381200                    4.9482951323681776E16
381300                    4.948292362166696E16
381400                    4.9482895919652152E16
381500                    4.9482868217637336E16
381600                    4.9482840515622528E16
381700                    4.948281281360772E16
381800                    4.9482785111592912E16
381900                    4.9482757409578104E16
382000                    4.9482729707563288E16
382100                    4.948270200554848E16
382200                    4.948267430353368E16
382300                    4.9482646601518856E16
382400                    4.9482618899504056E16
382500                    4.9482591197489248E16
382600                    4.948256349547444E16
382700                    4.9482535793459624E16
382800                    4.9482508091444824E16
382900                    4.948248038943E16
383000                    4.94824526874152E16
383100                    4.9482424985400376E16
383200                    4.9482397283385576E16
383300                    4.9482369581370768E16
383400                    4.948234187935596E16
383500                    4.9482314177341152E16
383600                    4.9482286475326344E16
383700                    4.9482258773311528E16
383800                    4.948223107129672E16
383900                    4.9482203369281904E16
384000                    4.9482175667267104E16
384100                    4.9482147965252296E16
384200                    4.948212026323748E16
384300                    4.9482092561222672E16
384400                    4.9482064859207864E16
384500                    4.9482037157193048E16
384600                    4.948200945517824E16
384700                    4.9481981753163424E16
384800                    4.9481954051148632E16
384900                    4.9481926349133816E16
385000                    4.9481898647119008E16
385100                    4.9481870945104192E16
385200                    4.9481843243089384E16
385300                    4.9481815541074568E16
385400                    4.948178783905976E16
385500                    4.948176013704496E16
385600                    4.9481732435030144E16
385700                    4.9481704733015336E16
385800                    4.9481677031000528E16
385900                    4.9481649328985712E16
386000                    4.9481621626970904E16
386100                    4.9481593924956088E16
386200                    4.9481566222941288E16
386300                    4.9481538520926488E16
386400                    4.9481510818911664E16
386500                    4.9481483116896864E16
386600                    4.948145541488204E16
386700                    4.948142771286724E16
386800                    4.9481400010852424E16
386900                    4.9481372308837616E16
387000                    4.9481344606822808E16
387100                    4.9481316904808008E16
387200                    4.9481289202793184E16
387300                    4.9481261500778384E16
387400                    4.948123379876356E16
387500                    4.948120609674876E16
387600                    4.9481178394733952E16
387700                    4.9481150692719152E16
387800                    4.9481122990704336E16
387900                    4.9481095288689528E16
388000                    4.9481067586674712E16
388100                    4.9481039884659904E16
388200                    4.9481012182645096E16
388300                    4.948098448063028E16
388400                    4.9480956778615472E16
388500                    4.9480929076600664E16
388600                    4.9480901374585856E16
388700                    4.9480873672571048E16
388800                    4.9480845970556232E16
388900                    4.9480818268541432E16
389000                    4.9480790566526616E16
389100                    4.9480762864511808E16
389200                    4.9480735162497E16
389300                    4.94807074604822E16
389400                    4.9480679758467376E16
389500                    4.9480652056452576E16
389600                    4.9480624354437752E16
389700                    4.9480596652422952E16
389800                    4.9480568950408128E16
389900                    4.9480541248393336E16
390000                    4.948051354637852E16
390100                    4.948048584436372E16
390200                    4.9480458142348896E16
390300                    4.9480430440334096E16
390400                    4.948040273831928E16
390500                    4.9480375036304472E16
390600                    4.9480347334289664E16
390700                    4.9480319632274856E16
390800                    4.9480291930260048E16
390900                    4.9480264228245232E16
391000                    4.9480236526230424E16
391100                    4.9480208824215608E16
391200                    4.94801811222008E16
391300                    4.9480153420185984E16
391400                    4.9480125718171192E16
391500                    4.9480098016156368E16
391600                    4.9480070314141568E16
391700                    4.948004261212676E16
391800                    4.9480014910111944E16
391900                    4.9479987208097136E16
392000                    4.947995950608232E16
392100                    4.9479931804067512E16
392200                    4.9479904102052712E16
392300                    4.9479876400037904E16
392400                    4.9479848698023088E16
392500                    4.947982099600828E16
392600                    4.9479793293993464E16
392700                    4.9479765591978656E16
392800                    4.947973788996384E16
392900                    4.947971018794904E16
393000                    4.947968248593424E16
393100                    4.9479654783919416E16
393200                    4.9479627081904616E16
393300                    4.94795993798898E16
393400                    4.9479571677874992E16
393500                    4.9479543975860176E16
393600                    4.9479516273845384E16
393700                    4.947948857183056E16
393800                    4.947946086981576E16
393900                    4.9479433167800936E16
394000                    4.9479405465786136E16
394100                    4.947937776377132E16
394200                    4.9479350061756512E16
394300                    4.9479322359741704E16
394400                    4.9479294657726904E16
394500                    4.9479266955712088E16
394600                    4.947923925369728E16
394700                    4.9479211551682472E16
394800                    4.9479183849667656E16
394900                    4.9479156147652848E16
395000                    4.9479128445638032E16
395100                    4.9479100743623232E16
395200                    4.9479073041608424E16
395300                    4.9479045339593608E16
395400                    4.94790176375788E16
395500                    4.9478989935563992E16
395600                    4.9478962233549176E16
395700                    4.9478934531534368E16
395800                    4.947890682951956E16
395900                    4.9478879127504752E16
396000                    4.9478851425489952E16
396100                    4.9478823723475128E16
396200                    4.9478796021460328E16
396300                    4.9478768319445504E16
396400                    4.9478740617430704E16
396500                    4.9478712915415888E16
396600                    4.9478685213401088E16
396700                    4.9478657511386272E16
396800                    4.9478629809371464E16
396900                    4.9478602107356648E16
397000                    4.947857440534184E16
397100                    4.947854670332704E16
397200                    4.9478519001312216E16
397300                    4.9478491299297424E16
397400                    4.9478463597282608E16
397500                    4.94784358952678E16
397600                    4.9478408193252984E16
397700                    4.9478380491238176E16
397800                    4.947835278922336E16
397900                    4.947832508720856E16
398000                    4.9478297385193744E16
398100                    4.9478269683178944E16
398200                    4.9478241981164128E16
398300                    4.947821427914932E16
398400                    4.9478186577134504E16
398500                    4.9478158875119696E16
398600                    4.9478131173104888E16
398700                    4.947810347109008E16
398800                    4.947807576907528E16
398900                    4.9478048067060464E16
399000                    4.9478020365045656E16
399100                    4.947799266303084E16
399200                    4.9477964961016032E16
399300                    4.9477937259001216E16
399400                    4.9477909556986408E16
399500                    4.9477881854971608E16
399600                    4.9477854152956792E16
399700                    4.9477826450941984E16
399800                    4.9477798748927176E16
399900                    4.9477771046912368E16
400000                    4.9477743344897552E16
401000                    4.9477466324749456E16
402000                    4.9477189304601368E16
403000                    4.9476912284453264E16
404000                    4.9476635264305176E16
405000                    4.9476358244157072E16
406000                    4.9476081224008976E16
407000                    4.9475804203860888E16
408000                    4.9475527183712784E16
409000                    4.9475250163564672E16
410000                    4.94750752268594E16
411000                    4.9474994098830544E16
412000                    4.9474912970801688E16
413000                    4.947483184277284E16
414000                    4.9474750714743976E16
415000                    4.9474669586715112E16
416000                    4.9474588458686264E16
417000                    4.9474507330657408E16
418000                    4.947442620262856E16
419000                    4.9474345074599712E16
420000                    4.9474263946570856E16
421000                    4.9474182818541992E16
422000                    4.9474101690513136E16
423000                    4.947402056248428E16
424000                    4.9473939434455432E16
425000                    4.9473858306426576E16
426000                    4.947377717839772E16
427000                    4.9473696050368856E16
428000                    4.947361492234E16
429000                    4.947353379431116E16
430000                    4.9473452666282304E16
431000                    4.9473371538253448E16
432000                    4.94732904102246E16
433000                    4.9473209282195728E16
434000                    4.9473128154166872E16
435000                    4.9473047026138024E16
436000                    4.9472965898109168E16
437000                    4.9472884770080312E16
438000                    4.9472803642051464E16
439000                    4.9472722514022608E16
440000                    4.947264138599376E16
441000                    4.9472560257964896E16
442000                    4.947247912993604E16
443000                    4.9472398001907192E16
444000                    4.9472316873878336E16
445000                    4.9472235745849472E16
446000                    4.9472154617820624E16
447000                    4.947207348979176E16
448000                    4.9471992361762904E16
449000                    4.9471911233734056E16
450000                    4.9471830105705208E16
451000                    4.9471748977676352E16
452000                    4.9471667849647496E16
453000                    4.947158672161864E16
454000                    4.9471505593589792E16
455000                    4.9471424465560928E16
456000                    4.9471343337532072E16
457000                    4.9471262209503216E16
458000                    4.947118108147436E16
459000                    4.9471099953445512E16
460000                    4.9471018825416664E16
461000                    4.9470937697387808E16
462000                    4.9470856569358952E16
463000                    4.9470775441330088E16
464000                    4.9470694313301232E16
465000                    4.9470613185272384E16
466000                    4.9470532057243528E16
467000                    4.9470450929214672E16
468000                    4.9470369801185816E16
469000                    4.9470288673156952E16
470000                    4.9470207545128112E16
471000                    4.9470126417099256E16
472000                    4.94700452890704E16
473000                    4.9469970143589968E16
474000                    4.9469974460346344E16
475000                    4.9469978777102736E16
476000                    4.946998309385912E16
477000                    4.9469987410615496E16
478000                    4.9469991727371888E16
479000                    4.9469996044128264E16
480000                    4.9470000360884656E16
481000                    4.9470004677641032E16
482000                    4.9470008994397424E16
483000                    4.9470013311153816E16
484000                    4.94700176279102E16
485000                    4.9470021944666584E16
486000                    4.947002626142296E16
487000                    4.9470030578179352E16
488000                    4.9470034894935736E16
489000                    4.9470039211692128E16
490000                    4.9470043528448496E16
491000                    4.9470047845204888E16
492000                    4.9470052161961272E16
493000                    4.9470056478717664E16
494000                    4.9470060795474056E16
495000                    4.9470065112230424E16
496000                    4.9470069428986816E16
497000                    4.94700737457432E16
498000                    4.9470078062499592E16
499000                    4.9470082379255968E16
500000                    4.947008669601236E16
501000                    4.9470091012768736E16
502000                    4.9470095329525128E16
503000                    4.9470099646281504E16
504000                    4.9470103963037896E16
505000                    4.947010827979428E16
506000                    4.9470112596550664E16
507000                    4.9470116913307048E16
508000                    4.9470121230063432E16
509000                    4.9470125546819824E16
510000                    4.94701298635762E16
511000                    4.9470134180332592E16
512000                    4.9470138497088968E16
513000                    4.947014281384536E16
514000                    4.9470147130601736E16
515000                    4.947015144735812E16
516000                    4.9470155764114512E16
517000                    4.9470160080870888E16
518000                    4.9470164397627288E16
519000                    4.9470168714383664E16
520000                    4.9470173031140056E16
521000                    4.947017734789644E16
522000                    4.9470181664652832E16
523000                    4.94701859814092E16
524000                    4.9470190298165584E16
525000                    4.9470194614921976E16
526000                    4.9470198931678352E16
527000                    4.9470203248434744E16
528000                    4.947020756519112E16
529000                    4.947021188194752E16
530000                    4.9470216198703904E16
531000                    4.9470220515460296E16
532000                    4.9470224832216672E16
533000                    4.9470229148973056E16
534000                    4.947023346572944E16
535000                    4.9470237782485816E16
536000                    4.9470242099242208E16
537000                    4.9470246415998592E16
538000                    4.9470250732754984E16
539000                    4.9470255049511352E16
540000                    4.9470259366267744E16
541000                    4.9470263683024136E16
542000                    4.947026799978052E16
543000                    4.9470272316536912E16
544000                    4.9470276633293288E16
545000                    4.9470280950049672E16
546000                    4.9470285266806056E16
547000                    4.947028958356244E16
548000                    4.9470293900318824E16
549000                    4.9470298217075216E16
550000                    4.9470302533831592E16
551000                    4.9470306850587968E16
552000                    4.947031116734436E16
553000                    4.9470315484100752E16
554000                    4.9470319800857144E16
555000                    4.9470324117613512E16
556000                    4.9470328434369904E16
557000                    4.9470332751126288E16
558000                    4.947033706788268E16
559000                    4.9470341384639056E16
560000                    4.9470345701395448E16
561000                    4.9470350018151824E16
562000                    4.9470354334908208E16
563000                    4.9470358651664592E16
564000                    4.9470362968420984E16
565000                    4.9470367285177376E16
566000                    4.9470371601933752E16
567000                    4.9470375918690144E16
568000                    4.947038023544652E16
569000                    4.9470384552202912E16
570000                    4.9470388868959296E16
571000                    4.9470393185715672E16
572000                    4.9470397502472056E16
573000                    4.9470402145463424E16
574000                    4.9470411121618272E16
575000                    4.9470420097773152E16
576000                    4.9470429073928024E16
577000                    4.9470438050082872E16
578000                    4.9470447026237744E16
579000                    4.9470456002392592E16
580000                    4.9470464978547464E16
581000                    4.9470473954702328E16
582000                    4.9470482930857192E16
583000                    4.9470491907012064E16
584000                    4.947050088316692E16
585000                    4.9470509859321784E16
586000                    4.9470518835476648E16
587000                    4.9470527811631504E16
588000                    4.9470536787786376E16
589000                    4.947054576394124E16
590000                    4.9470554740096096E16
591000                    4.9470563716250968E16
592000                    4.9470572692405816E16
593000                    4.9470581668560688E16
594000                    4.9470590644715552E16
595000                    4.9470599620870416E16
596000                    4.9470608597025288E16
597000                    4.9470617573180152E16
598000                    4.9470626549335008E16
599000                    4.9470635525489872E16
600000                    4.9470644501644728E16
601000                    4.94706534777996E16
602000                    4.9470662453954464E16
603000                    4.9470671430109328E16
604000                    4.9470680406264184E16
605000                    4.9470689382419056E16
606000                    4.9470698358573912E16
607000                    4.9470707334728776E16
608000                    4.9470716310883632E16
609000                    4.9470725287038504E16
610000                    4.9470734263193376E16
611000                    4.9470743239348232E16
612000                    4.9470752215503096E16
613000                    4.9470761191657968E16
614000                    4.9470770167812816E16
615000                    4.9470779143967688E16
616000                    4.9470788120122552E16
617000                    4.9470797096277416E16
618000                    4.947080607243228E16
619000                    4.9470815048587136E16
620000                    4.9470824024742E16
621000                    4.9470833000896872E16
622000                    4.947084197705172E16
623000                    4.94708509532066E16
624000                    4.9470859929361456E16
625000                    4.947086890551632E16
626000                    4.9470877881671192E16
627000                    4.947088685782604E16
628000                    4.9470895833980912E16
629000                    4.947090481013576E16
630000                    4.947091378629064E16
631000                    4.9470922762445512E16
632000                    4.947093173860036E16
633000                    4.9470940714755232E16
634000                    4.9470949690910088E16
635000                    4.9470958667064952E16
636000                    4.9470967643219832E16
637000                    4.947097661937468E16
638000                    4.9470985595529552E16
639000                    4.9470994571684408E16
640000                    4.9471003547839272E16
641000                    4.9471012523994136E16
642000                    4.9471021500149E16
643000                    4.9471030476303864E16
644000                    4.9471039452458728E16
645000                    4.9471048428613584E16
646000                    4.9471057404768456E16
647000                    4.947106638092332E16
648000                    4.9471075357078176E16
649000                    4.947108433323304E16
650000                    4.9471093309387904E16
651000                    4.9471102285542776E16
652000                    4.947111126169764E16
653000                    4.9471120237852496E16
654000                    4.947112921400736E16
655000                    4.9471138190162224E16
656000                    4.9471147166317088E16
657000                    4.9471156142471952E16
658000                    4.9471165118626816E16
659000                    4.9471174094781672E16
660000                    4.9471183070936544E16
661000                    4.94711920470914E16
662000                    4.9471201023246264E16
663000                    4.9471209999401136E16
664000                    4.9471218975555992E16
665000                    4.9471227951710864E16
666000                    4.947123692786572E16
667000                    4.9471245904020584E16
668000                    4.9471254880175456E16
669000                    4.9471263856330304E16
670000                    4.9471272832485176E16
671000                    4.9471281808640048E16
672000                    4.9471290784794904E16
673000                    4.9471299227941984E16
674000                    4.9471300591498784E16
675000                    4.9471301955055576E16
676000                    4.9471303318612384E16
677000                    4.9471304682169192E16
678000                    4.9471306045725992E16
679000                    4.94713074092828E16
680000                    4.9471308772839608E16
681000                    4.9471310136396416E16
682000                    4.9471311499953208E16
683000                    4.9471312863510016E16
684000                    4.9471314227066824E16
685000                    4.9471315590623632E16
686000                    4.9471316954180432E16
687000                    4.947131831773724E16
688000                    4.9471319681294048E16
689000                    4.947132104485084E16
690000                    4.947132240840764E16
691000                    4.9471323771964448E16
692000                    4.9471325135521256E16
693000                    4.9471326499078064E16
694000                    4.9471327862634864E16
695000                    4.9471329226191672E16
696000                    4.9471330589748472E16
697000                    4.947133195330528E16
698000                    4.947133331686208E16
699000                    4.9471334680418888E16
700000                    4.9471336043975696E16
701000                    4.9471337407532504E16
702000                    4.9471338771089304E16
703000                    4.9471340134646104E16
704000                    4.9471341498202912E16
705000                    4.947134286175972E16
706000                    4.947134422531652E16
707000                    4.9471345588873328E16
708000                    4.9471346952430136E16
709000                    4.9471348315986944E16
710000                    4.9471349679543736E16
711000                    4.9471351043100544E16
712000                    4.9471352406657352E16
713000                    4.947135377021416E16
714000                    4.947135513377096E16
715000                    4.947135649732776E16
716000                    4.9471357860884568E16
717000                    4.9471359224441368E16
718000                    4.947136058799816E16
719000                    4.9471361951554968E16
720000                    4.9471363315111776E16
721000                    4.9471364678668584E16
722000                    4.9471366042225384E16
723000                    4.9471367405782192E16
724000                    4.9471368769339E16
725000                    4.94713701328958E16
726000                    4.94713714964526E16
727000                    4.9471372860009408E16
728000                    4.9471374223566216E16
729000                    4.9471375587123024E16
730000                    4.9471376950679824E16
731000                    4.9471378314236632E16
732000                    4.9471379677793424E16
733000                    4.9471381041350232E16
734000                    4.9471382404907032E16
735000                    4.947138376846384E16
736000                    4.9471385132020648E16
737000                    4.9471386495577456E16
738000                    4.9471387859134256E16
739000                    4.9471389222691056E16
740000                    4.9471390586247864E16
741000                    4.9471391949804672E16
742000                    4.9471393313361472E16
743000                    4.947139467691828E16
744000                    4.9471396040475088E16
745000                    4.9471397404031896E16
746000                    4.9471398767588688E16
747000                    4.9471400131145496E16
748000                    4.9471401494702304E16
749000                    4.9471402858259112E16
750000                    4.9471404221815912E16
751000                    4.947140558537272E16
752000                    4.9471406948929528E16
753000                    4.9471408312486328E16
754000                    4.9471409676043128E16
755000                    4.9471411039599936E16
756000                    4.9471412403156744E16
757000                    4.9471413766713552E16
758000                    4.9471415130270352E16
759000                    4.947141649382716E16
760000                    4.9471417857383944E16
761000                    4.9471419220940752E16
762000                    4.9471420584497552E16
763000                    4.947142194805436E16
764000                    4.9471423311611168E16
765000                    4.9471424675167976E16
766000                    4.9471426038724776E16
767000                    4.9471427402281576E16
768000                    4.9471428765838384E16
769000                    4.9471430129395192E16
770000                    4.9471431492951992E16
771000                    4.94714328565088E16
772000                    4.9471434220065608E16
773000                    4.9471435444397264E16
774000                    4.9471434819493368E16
775000                    4.9471434194589472E16
776000                    4.947143356968556E16
777000                    4.9471432944781664E16
778000                    4.9471432319877752E16
779000                    4.9471431694973864E16
780000                    4.9471431070069944E16
781000                    4.9471430445166048E16
782000                    4.9471429820262136E16
783000                    4.9471429195358248E16
784000                    4.9471428570454344E16
785000                    4.947142794555044E16
786000                    4.9471427320646536E16
787000                    4.9471426695742632E16
788000                    4.9471426070838736E16
789000                    4.947142544593484E16
790000                    4.9471424821030928E16
791000                    4.9471424196127032E16
792000                    4.947142357122312E16
793000                    4.9471422946319224E16
794000                    4.9471422321415312E16
795000                    4.9471421696511416E16
796000                    4.9471421071607504E16
797000                    4.9471420446703616E16
798000                    4.9471419821799712E16
799000                    4.9471419196895808E16
800000                    4.9471418571991904E16
801000                    4.9471417947087992E16
802000                    4.9471417322184104E16
803000                    4.94714166972802E16
804000                    4.9471416072376296E16
805000                    4.9471415447472392E16
806000                    4.9471414822568488E16
807000                    4.9471414197664584E16
808000                    4.947141357276068E16
809000                    4.9471412947856776E16
810000                    4.9471412322952872E16
811000                    4.9471411698048976E16
812000                    4.947141107314508E16
813000                    4.9471410448241168E16
814000                    4.9471409823337272E16
815000                    4.947140919843336E16
816000                    4.9471408573529472E16
817000                    4.947140794862556E16
818000                    4.9471407323721664E16
819000                    4.9471406698817752E16
820000                    4.9471406073913856E16
821000                    4.9471405449009952E16
822000                    4.9471404824106048E16
823000                    4.9471404199202144E16
824000                    4.947140357429824E16
825000                    4.9471402949394344E16
826000                    4.947140232449044E16
827000                    4.9471401699586536E16
828000                    4.947140107468264E16
829000                    4.9471400449778728E16
830000                    4.947139982487484E16
831000                    4.9471399199970928E16
832000                    4.9471398575067032E16
833000                    4.9471397950163112E16
834000                    4.9471397325259224E16
835000                    4.9471396700355312E16
836000                    4.9471396075451416E16
837000                    4.9471395450547512E16
838000                    4.94713948256436E16
839000                    4.9471394200739712E16
840000                    4.94713935758358E16
841000                    4.9471392950931904E16
842000                    4.9471392326027992E16
843000                    4.9471391701124096E16
844000                    4.94713910762202E16
845000                    4.9471390451316296E16
846000                    4.9471389826412384E16
847000                    4.947138920150848E16
848000                    4.9471388576604584E16
849000                    4.947138795170068E16
850000                    4.9471387326796776E16
851000                    4.9471386701892872E16
852000                    4.9471386076988968E16
853000                    4.947138545208508E16
854000                    4.9471384827181168E16
855000                    4.9471384202277272E16
856000                    4.947138357737336E16
857000                    4.9471382952469472E16
858000                    4.9471382327565568E16
859000                    4.9471381702661656E16
860000                    4.9471381077757744E16
861000                    4.9471380452853848E16
862000                    4.9471379827949952E16
863000                    4.9471379203046048E16
864000                    4.9471378578142144E16
865000                    4.947137795323824E16
866000                    4.9471377328334336E16
867000                    4.9471376703430448E16
868000                    4.9471376078526536E16
869000                    4.947137545362264E16
870000                    4.9471374828718728E16
871000                    4.947137420381484E16
872000                    4.947137357891092E16
873000                    4.947137297946276E16
874000                    4.94713727181262E16
875000                    4.947137245678964E16
876000                    4.947137219545308E16
877000                    4.9471371934116528E16
878000                    4.947137167277996E16
879000                    4.94713714114434E16
880000                    4.947137115010684E16
881000                    4.9471370888770288E16
882000                    4.9471370627433728E16
883000                    4.947137036609716E16
884000                    4.9471370104760608E16
885000                    4.9471369843424056E16
886000                    4.9471369582087496E16
887000                    4.9471369320750928E16
888000                    4.9471369059414376E16
889000                    4.9471368798077816E16
890000                    4.9471368536741264E16
891000                    4.9471368275404696E16
892000                    4.9471368014068144E16
893000                    4.9471367752731584E16
894000                    4.9471367491395024E16
895000                    4.9471367230058456E16
896000                    4.9471366968721904E16
897000                    4.9471366707385344E16
898000                    4.9471366446048792E16
899000                    4.9471366184712232E16
900000                    4.947136592337568E16
901000                    4.9471365662039112E16
902000                    4.947136540070256E16
903000                    4.9471365139365992E16
904000                    4.9471364878029432E16
905000                    4.947136461669288E16
906000                    4.9471364355356312E16
907000                    4.947136409401976E16
908000                    4.94713638326832E16
909000                    4.947136357134664E16
910000                    4.9471363310010072E16
911000                    4.947136304867352E16
912000                    4.9471362787336968E16
913000                    4.9471362526000416E16
914000                    4.9471362264663856E16
915000                    4.9471362003327296E16
916000                    4.9471361741990728E16
917000                    4.9471361480654176E16
918000                    4.9471361219317616E16
919000                    4.9471360957981056E16
920000                    4.9471360696644496E16
921000                    4.9471360435307944E16
922000                    4.9471360173971384E16
923000                    4.9471359912634824E16
924000                    4.9471359651298256E16
925000                    4.9471359389961704E16
926000                    4.9471359128625152E16
927000                    4.9471358867288584E16
928000                    4.9471358605952032E16
929000                    4.9471358344615472E16
930000                    4.947135808327892E16
931000                    4.9471357821942344E16
932000                    4.9471357560605792E16
933000                    4.9471357299269232E16
934000                    4.947135703793268E16
935000                    4.9471356776596112E16
936000                    4.947135651525956E16
937000                    4.9471356253923E16
938000                    4.9471355992586448E16
939000                    4.947135573124988E16
940000                    4.9471355469913328E16
941000                    4.9471355208576768E16
942000                    4.9471354947240216E16
943000                    4.9471354685903648E16
944000                    4.9471354424567096E16
945000                    4.9471354163230536E16
946000                    4.9471353901893968E16
947000                    4.9471353640557408E16
948000                    4.9471353379220848E16
949000                    4.9471353117884296E16
950000                    4.9471352856547728E16
951000                    4.9471352595211176E16
952000                    4.9471352333874624E16
953000                    4.9471352072538072E16
954000                    4.9471351811201504E16
955000                    4.9471351549864944E16
956000                    4.9471351288528384E16
957000                    4.9471351027191832E16
958000                    4.9471350765855272E16
959000                    4.9471350504518712E16
960000                    4.9471350243182152E16
961000                    4.94713499818456E16
962000                    4.9471349720509032E16
963000                    4.9471349459172472E16
964000                    4.9471349197835912E16
965000                    4.947134893649936E16
966000                    4.9471348675162808E16
967000                    4.9471348413826256E16
968000                    4.9471348152489688E16
969000                    4.947134789115312E16
970000                    4.9471347629816568E16
971000                    4.947134736848E16
972000                    4.9471347107143448E16
973000                    4.947134686482056E16
974000                    4.9471346875043584E16
975000                    4.9471346885266592E16
976000                    4.9471346895489616E16
977000                    4.9471346905712648E16
978000                    4.9471346915935664E16
979000                    4.9471346926158688E16
980000                    4.9471346936381704E16
981000                    4.947134694660472E16
982000                    4.9471346956827744E16
983000                    4.9471346967050776E16
984000                    4.9471346977273792E16
985000                    4.9471346987496808E16
986000                    4.9471346997719824E16
987000                    4.9471347007942848E16
988000                    4.9471347018165872E16
989000                    4.9471347028388904E16
990000                    4.947134703861192E16
991000                    4.9471347048834944E16
992000                    4.947134705905796E16
993000                    4.9471347069280984E16
994000                    4.9471347079504008E16
995000                    4.9471347089727024E16
996000                    4.9471347099950048E16
997000                    4.9471347110173072E16
998000                    4.9471347120396088E16
999000                    4.9471347130619112E16
1000000                   4.947134714084212E16
