0                         8.982956391792456E-21
1000                      1.1842955019024781E-14
2000                      2.973795388688639E-17
3000                      3.4136870239013475E-16
4000                      5.465283704144706E-19
5000                      1.1055518150089409E-12
6000                      1.2404909802024236E-13
7000                      1.948064100780021E-15
8000                      2.5783383012818523E-15
9000                      1.5532863348304705E-22
10000                     5.911224176968397E-14
11000                     1.1218516742812813E-23
12000                     7.148778617805069E-18
13000                     1.9246907365465507E-12
14000                     4.373749602178905E-13
15000                     7.806958507479714E-24
16000                     1.0878943730463335E-14
17000                     4.260778021114957E-14
18000                     1.3664385363172829E-16
19000                     3.028398424814691E-15
20000                     7.687229728152676E-15
21000                     3.0582876765530113E-16
22000                     1.2465961574134648E-15
23000                     6.412988864403918E-14
24000                     4.11916977547628E-19
25000                     8.123690005129272E-16
26000                     3.3106836458975523E-16
27000                     3.44251843224121E-20
28000                     1.2064839286508532E-21
29000                     2.16410491747435E-12
30000                     6.21482575866344E-16
31000                     2.2641007109535978E-14
32000                     5.534925305325758E-16
33000                     3.056856844687479E-24
34000                     2.296046175183337E-16
35000                     6.025200436620951E-12
36000                     2.443161777839538E-13
37000                     8.159985450804378E-18
38000                     1.5612171995170573E-20
39000                     7.920404693917887E-20
40000                     1.2670947962901932E-19
41000                     2.2052192779212932E-14
42000                     1.1076464922487806E-19
43000                     1.6963985388853497E-13
44000                     7.359749366769524E-15
45000                     8.016204758511509E-17
46000                     3.2386323689491474E-22
47000                     1.800403748244794E-21
48000                     1.3789101312819352E-20
49000                     4.291620613525383E-18
50000                     2.2498897980597804E-15
51000                     7.370000313595506E-14
52000                     2.447432457882133E-15
53000                     1.5926345502903799E-16
54000                     1.0093552470266095E-15
55000                     1.3639248804399296E-15
56000                     3.04811083673553E-16
57000                     3.5929697153991745E-19
58000                     1.1479965560213844E-16
59000                     1.1304834714301687E-15
60000                     7.322260708754771E-15
61000                     1.7100103688408006E-14
62000                     1.1672523252960274E-14
63000                     2.0900817050557033E-13
64000                     1.4654447996984073E-12
65000                     1.2295916031729606E-12
66000                     8.165900158375811E-13
67000                     5.821754178205256E-12
68000                     2.945295167589516E-12
69000                     3.054998661793781E-12
70000                     1.4166873543965122E-11
71000                     3.7187210043908454E-12
72000                     7.241400260903141E-12
73000                     2.5721452319006337E-11
74000                     6.647643246040355E-12
75000                     1.2414719260081714E-11
76000                     3.9342326269549464E-11
77000                     1.1931385946349534E-11
78000                     1.3750502492979093E-11
79000                     4.207675007421001E-11
80000                     9.165429924393955E-12
81000                     1.2038790535947109E-11
82000                     3.013641861279124E-11
83000                     2.220356248634653E-13
84000                     9.76758735881984E-12
85000                     1.7890215610527228E-11
86000                     8.436188833571012E-13
87000                     6.888571984406269E-12
88000                     4.2647464062237884E-12
89000                     8.53969143766128E-13
90000                     2.7074999396340314E-12
91000                     1.9078677537729746E-15
92000                     2.1370376099970463E-15
93000                     7.7456418395212E-12
94000                     2.5637015261077778E-18
95000                     1.0565181952628052E-18
96000                     4.857252088489843E-13
97000                     6.165045898517047E-14
98000                     1.1355712592787872E-13
99000                     7.143211691617896E-13
100000                    6.702872691653943E-14
101000                    9.017369183331958E-13
102000                    1.6591009639260623E-14
103000                    2.3124479638646938E-15
104000                    1.3283757086925425E-18
105000                    4.927646274430481E-16
106000                    1.3483738390892503E-12
107000                    1.279673269593647E-12
108000                    3.100001105333887E-14
109000                    1.6442239340443402E-12
110000                    2.7092623897666985E-13
111000                    2.2991784281424827E-14
112000                    6.104418792858735E-14
113000                    4.346934586852887E-15
114000                    2.511982969735595E-14
115000                    1.391987183602593E-11
116000                    3.157610586404577E-12
117000                    8.241773402951622E-14
118000                    2.5621188961965043E-14
119000                    7.985543894685608E-15
120000                    1.0927042093951115E-13
121000                    1.4733771826134977E-13
122000                    3.4531509364288282E-15
123000                    8.882697330118187E-16
124000                    9.136067429266713E-17
125000                    2.9318186553816657E-15
126000                    3.4642897817015732E-12
127000                    2.351023006714786E-17
128000                    9.01859280126636E-17
129000                    1.289417973023475E-12
130000                    4.2756005351661695E-14
131000                    4.318126712244244E-14
132000                    2.0419863586475705E-13
133000                    1.8007453534081974E-17
134000                    3.845518268056832E-14
135000                    3.1397819687669166E-14
136000                    1.5140962182289887E-12
137000                    2.926967368898754E-15
138000                    5.0734650081477137E-14
139000                    6.130812124415073E-15
140000                    9.110014099088865E-17
141000                    2.588120746522831E-13
142000                    2.525916254791052E-14
143000                    5.158357124233707E-13
144000                    1.8219334676053617E-13
145000                    3.815208071679139E-16
146000                    2.8529812738916015E-14
147000                    2.2299980951462134E-14
148000                    7.070320978063004E-14
149000                    5.2910727748835637E-14
150000                    1.4706067370990568E-13
151000                    1.368457929728299E-14
152000                    2.7561148887655006E-15
153000                    7.06286355278732E-14
154000                    1.3410668795144562E-16
155000                    2.3043147845531573E-13
156000                    8.173731181486362E-15
157000                    2.7018476872464013E-15
158000                    1.1646552700771698E-18
159000                    1.663466154359833E-12
160000                    8.599261464620734E-21
161000                    5.756848704914108E-16
162000                    5.700630616269539E-15
163000                    1.5275363565894143E-15
164000                    8.689205258653885E-17
165000                    2.772922972369403E-14
166000                    2.8939236541419485E-12
167000                    8.815013174420432E-13
168000                    9.37226180859069E-16
169000                    8.09791115692711E-17
170000                    9.74398411853033E-16
171000                    2.4197130087644606E-12
172000                    7.612083167142335E-17
173000                    9.452637287717237E-17
174000                    1.0032489656393678E-16
175000                    2.9175165379753886E-14
176000                    3.382254901810777E-13
177000                    5.987486809695511E-13
178000                    4.630836147492798E-13
179000                    2.7787378832053994E-12
180000                    6.62781994561832E-16
181000                    1.0061800860513064E-18
182000                    1.3778225822065234E-18
183000                    2.4254165267571784E-18
184000                    4.097931295780774E-18
185000                    7.074049436455384E-18
186000                    1.2060915394414285E-17
187000                    2.083340838642596E-17
188000                    3.589580736000223E-17
189000                    6.029967138868353E-17
190000                    1.0243038624150651E-16
191000                    1.7379125814570403E-16
192000                    1.0709528779269724E-16
193000                    4.2800056174593437E-16
194000                    2.4464231803724653E-14
195000                    4.9973845766070994E-14
196000                    3.04986142774657E-14
197000                    1.2500487566247936E-12
198000                    1.5483445766694534E-14
199000                    4.4006995249299275E-13
200000                    3.948357707151616E-14
201000                    2.173126571176123E-13
202000                    2.990863232303384E-12
203000                    4.070321855175742E-15
204000                    5.6821972385560087E-14
205000                    1.7968575974967429E-16
206000                    6.526595436627653E-15
207000                    2.5427290948053712E-14
208000                    6.5250442527369735E-15
209000                    2.405044418657123E-13
210000                    1.0523669161002201E-12
211000                    3.5084809120647255E-16
212000                    1.4609950550041028E-15
213000                    1.528572323004411E-12
214000                    9.107141021086599E-14
215000                    9.238255764606771E-13
216000                    1.1267493345203772E-13
217000                    2.0745867243446192E-16
218000                    1.3633410301490645E-12
219000                    3.0107044710001046E-12
220000                    2.212029589169016E-11
221000                    9.929339041345632E-16
222000                    6.252739154600896E-14
223000                    1.8867397411686808E-14
224000                    2.336884778339317E-12
225000                    1.4744376407431987E-11
226000                    6.154552858140895E-14
227000                    3.2707198869810835E-12
228000                    9.612579209549439E-16
229000                    1.5964024012678466E-13
230000                    1.5202030878745781E-15
231000                    1.6516471860427692E-13
232000                    3.067340992647402E-14
233000                    9.613039782070193E-12
234000                    2.4369215192885508E-11
235000                    1.0553482801515803E-14
236000                    4.792411713668627E-11
237000                    9.849689120035527E-13
238000                    9.825185656011279E-14
239000                    7.2874372057453E-14
240000                    1.5967302032991452E-12
241000                    1.2090998864002094E-11
242000                    7.221264268663016E-16
243000                    3.156121131809616E-16
244000                    3.869078743928024E-13
245000                    2.5128692026482044E-11
246000                    2.289117299268075E-13
247000                    1.5325469809828724E-12
248000                    2.551149652519725E-13
249000                    5.478882199865981E-12
250000                    1.5286721248978513E-14
251000                    8.555013885079238E-12
252000                    6.131007370166377E-12
253000                    3.1533174466386085E-12
254000                    1.8186132775827417E-13
255000                    2.4005517744294467E-14
256000                    1.3081918326629563E-11
257000                    3.315147897873638E-15
258000                    2.4400545246150864E-12
259000                    3.11546940121248E-12
260000                    3.000339869606471E-12
261000                    3.5768794932695695E-12
262000                    1.4473807229977954E-12
263000                    7.809284148436671E-13
264000                    2.865797909944313E-14
265000                    6.365821337547734E-12
266000                    3.100594614808385E-14
267000                    9.761773422707232E-14
268000                    6.593287617347922E-14
269000                    2.7210980294242205E-11
270000                    4.587043801560706E-13
271000                    2.0925497771797016E-14
272000                    7.368453063469154E-13
273000                    6.576711897072965E-13
274000                    7.724373750754408E-14
275000                    6.144239751008711E-14
276000                    4.804595339285253E-14
277000                    3.566686919837488E-14
278000                    4.27230974179225E-14
279000                    4.9055920934865683E-14
280000                    5.2874510612656145E-14
281000                    8.805515526430019E-14
282000                    1.0980236777124735E-13
283000                    1.5549159550288782E-13
284000                    2.307358804943162E-13
285000                    3.422891032709407E-13
286000                    5.179628315207604E-13
287000                    7.614979239490777E-13
288000                    1.0936240477030548E-12
289000                    1.6208463841412657E-12
290000                    2.470062221718185E-12
291000                    3.5926363834010917E-12
292000                    5.329119459040297E-12
293000                    7.822094105989811E-12
294000                    1.152007216425273E-11
295000                    1.6849982128473535E-11
296000                    2.5005484469365286E-11
297000                    3.670422717715062E-11
298000                    5.445049539485481E-11
299000                    7.927450711271268E-11
300000                    1.1567634073128939E-10
300100                    1.1937567740213027E-10
300200                    1.2437240752656266E-10
300300                    1.2968453089213867E-10
300400                    1.3557952419733848E-10
300500                    1.4174865482956642E-10
300600                    1.4695543860358322E-10
300700                    1.5139311599683722E-10
300800                    1.5715133613933234E-10
300900                    1.646494850602442E-10
301000                    1.7079188978013113E-10
301100                    1.7599300126498883E-10
301200                    1.8330587944378102E-10
301300                    1.9107487653612493E-10
301400                    1.993004912956602E-10
301500                    2.0799397866194726E-10
301600                    2.175824503639984E-10
301700                    2.2597631825285656E-10
301800                    2.3448371726545125E-10
301900                    2.416025297189212E-10
302000                    2.4646459235766313E-10
302100                    2.567953737222031E-10
302200                    2.6931977339301067E-10
302300                    2.827010195114099E-10
302400                    2.9168041430486394E-10
302500                    3.0324323832300865E-10
302600                    3.145873110065017E-10
302700                    3.2733122578528404E-10
302800                    3.4041789579343E-10
302900                    3.5344648107793937E-10
303000                    3.691628688837372E-10
303100                    3.8595721252484734E-10
303200                    3.9835658766095203E-10
303300                    4.1075596279705683E-10
303400                    4.240824603463685E-10
303500                    4.3775332368811004E-10
303600                    4.5529873661957117E-10
303700                    4.731690498268703E-10
303800                    4.913062261351935E-10
303900                    5.096282706130325E-10
304000                    5.283137244445007E-10
304100                    5.46999178275969E-10
304200                    5.656846321074371E-10
304300                    5.877047054233629E-10
304400                    6.108810817356704E-10
304500                    6.340574580479778E-10
304600                    6.592808597829921E-10
304700                    6.864921001666593E-10
304800                    7.137033405503267E-10
304900                    7.417092040192449E-10
305000                    7.718403021917868E-10
305100                    8.019714003643289E-10
305200                    8.321082479938075E-10
305300                    8.624442328720923E-10
305400                    8.928753126690104E-10
305500                    9.234014873845619E-10
305600                    9.58134586420265E-10
305700                    9.962683558213528E-10
305800                    1.0370379846050064E-9
305900                    1.0793325954661666E-9
306000                    1.1226053203463378E-9
306100                    1.1674824411896633E-9
306200                    1.2153578698994503E-9
306300                    1.2692203109996176E-9
306400                    1.327045897176184E-9
306500                    1.3877091228054111E-9
306600                    1.4379107052937715E-9
306700                    1.4850511456225376E-9
306800                    1.5291304437917092E-9
306900                    1.5830728289089033E-9
307000                    1.6428601934416033E-9
307100                    1.7076306854109045E-9
307200                    1.785449462677608E-9
307300                    1.8723253740418888E-9
307400                    1.9499810881558095E-9
307500                    2.0103234523478178E-9
307600                    2.06464328029485E-9
307700                    2.1436821679788778E-9
307800                    2.2334022107566133E-9
307900                    2.337353699203002E-9
308000                    2.4455278054023534E-9
308100                    2.4975156243960834E-9
308200                    2.5603414070478256E-9
308300                    2.748084945954351E-9
308400                    2.826614729623422E-9
308500                    2.9388413181426547E-9
308600                    3.060388812355646E-9
308700                    3.1638622332737187E-9
308800                    3.2715151441606E-9
308900                    3.386847421175878E-9
309000                    3.5010338998478755E-9
309100                    3.614894037998133E-9
309200                    3.728754176148391E-9
309300                    3.870452235523599E-9
309400                    4.0321804047537356E-9
309500                    4.1939085739838736E-9
309600                    4.354896008984134E-9
309700                    4.514699138172119E-9
309800                    4.6745022673601055E-9
309900                    4.850816839967479E-9
310000                    5.031622268562366E-9
310100                    5.217238729425474E-9
310200                    5.423695163654887E-9
310300                    5.630151597884299E-9
310400                    5.840862870693995E-9
310500                    6.054543858460387E-9
310600                    6.268224846226781E-9
310700                    6.514447836372677E-9
310800                    6.760988729128268E-9
310900                    7.00262875670316E-9
311000                    7.23665817512788E-9
311100                    7.470687593552598E-9
311200                    7.75938148678201E-9
311300                    8.062336518414052E-9
311400                    8.36447037069234E-9
311500                    8.663202920835424E-9
311600                    8.96193547097851E-9
311700                    9.337949908260857E-9
311800                    9.726994195975305E-9
311900                    1.0060141704745174E-8
312000                    1.0341062019082797E-8
312100                    1.0697692143675016E-8
312200                    1.1162333784728811E-8
312300                    1.1580526505739736E-8
312400                    1.1963117981205143E-8
312500                    1.245336596678609E-8
312600                    1.2911299126182058E-8
312700                    1.3324942350091024E-8
312800                    1.3819107600148314E-8
312900                    1.4324259178081515E-8
313000                    1.4822677273625476E-8
313100                    1.5369526314068685E-8
313200                    1.5921136353259185E-8
313300                    1.63856258452668E-8
313400                    1.6951715207167123E-8
313500                    1.7593459913114922E-8
313600                    1.8252627186367496E-8
313700                    1.8977518029257595E-8
313800                    1.9728694917368167E-8
313900                    2.0388915684699322E-8
314000                    2.0895109314664714E-8
314100                    2.147547381276527E-8
314200                    2.2282943433187644E-8
314300                    2.3161049856681556E-8
314400                    2.3761900935954287E-8
314500                    2.4517180303700244E-8
314600                    2.5565950869149288E-8
314700                    2.6222114865554714E-8
314800                    2.7436430024556564E-8
314900                    2.8420866678719008E-8
315000                    2.9287958189188187E-8
315100                    3.028746101845715E-8
315200                    3.086313003607246E-8
315300                    3.2458061253446586E-8
315400                    3.3371021570684966E-8
315500                    3.434582504459364E-8
315600                    3.543958985530214E-8
315700                    3.6284800977863704E-8
315800                    3.669457490911738E-8
315900                    3.781014262306611E-8
316000                    3.919994785882392E-8
316100                    4.046932201235857E-8
316200                    4.166172583855844E-8
316300                    4.327999661681026E-8
316400                    4.486856110832435E-8
316500                    4.5052303116367596E-8
316600                    4.7278740739888606E-8
316700                    4.817527726600756E-8
316800                    4.979797598100804E-8
316900                    5.155011986138286E-8
317000                    5.20680600919034E-8
317100                    5.3603784941846995E-8
317200                    5.537671004237E-8
317300                    5.7333490680894514E-8
317400                    5.85727621835886E-8
317500                    5.876410525743097E-8
317600                    6.040941103926228E-8
317700                    6.298782494531669E-8
317800                    6.477808337732931E-8
317900                    6.437858378484217E-8
318000                    6.608134223982967E-8
318100                    6.948377816465185E-8
318200                    6.973725291706932E-8
318300                    7.042962575116182E-8
318400                    7.350524869325889E-8
318500                    7.375407860159935E-8
318600                    7.636085722521009E-8
318700                    7.886967688102166E-8
318800                    7.890855288872088E-8
318900                    8.047771908486266E-8
319000                    8.307472390184752E-8
319100                    8.465365477178651E-8
319200                    8.459867994849811E-8
319300                    8.630823253896398E-8
319400                    8.768767545813422E-8
319500                    8.910183229974893E-8
319600                    9.079424402702433E-8
319700                    9.25633317104069E-8
319800                    9.432113929177376E-8
319900                    9.538216566590836E-8
320000                    9.689203486145318E-8
320100                    9.937873703227745E-8
320200                    1.004291498110195E-7
320300                    1.0174819896513244E-7
320400                    1.03265457662002E-7
320500                    1.036489681527628E-7
320600                    1.0430702790682352E-7
320700                    1.0683002898747992E-7
320800                    1.0824197532179144E-7
320900                    1.0968909627622512E-7
321000                    1.1083002046382035E-7
321100                    1.1209422304257517E-7
321200                    1.1336702862522442E-7
321300                    1.1462805979644283E-7
321400                    1.1505720823316471E-7
321500                    1.1695336054296135E-7
321600                    1.1831241853492502E-7
321700                    1.1875784364698408E-7
321800                    1.1945895975238222E-7
321900                    1.2038921286917898E-7
322000                    1.2156650516607105E-7
322100                    1.2239212347613204E-7
322200                    1.2303776740079645E-7
322300                    1.2368341132546083E-7
322400                    1.2453506231981562E-7
322500                    1.2556376719742062E-7
322600                    1.2659247207502562E-7
322700                    1.275747042703385E-7
322800                    1.2849118481513727E-7
322900                    1.2940766535993608E-7
323000                    1.299645433238526E-7
323100                    1.29642802131426E-7
323200                    1.2932106093899942E-7
323300                    1.2988410333022085E-7
323400                    1.324280307076201E-7
323500                    1.345937913761884E-7
323600                    1.341243523554705E-7
323700                    1.3494054731118523E-7
323800                    1.3597635969114233E-7
323900                    1.3741438931208262E-7
324000                    1.3694220663196566E-7
324100                    1.3878469015877688E-7
324200                    1.393294359101512E-7
324300                    1.398901095248034E-7
324400                    1.4039497052589134E-7
324500                    1.4088233671606557E-7
324600                    1.4126271650023067E-7
324700                    1.4164309628439584E-7
324800                    1.4202347606856094E-7
324900                    1.4240385585272608E-7
325000                    1.4277515764629378E-7
325100                    1.431432541138554E-7
325200                    1.4351135058141707E-7
325300                    1.4387944704897867E-7
325400                    1.4424754351654032E-7
325500                    1.4461563998410198E-7
325600                    1.449837364516636E-7
325700                    1.453518329192252E-7
325800                    1.4571992938678687E-7
325900                    1.4609618446976192E-7
326000                    1.4647299677555303E-7
326100                    1.4684980908134414E-7
326200                    1.4722662138713522E-7
326300                    1.4760343369292632E-7
326400                    1.4798024599871738E-7
326500                    1.4835705830450849E-7
326600                    1.487338706102996E-7
326700                    1.4907711960458955E-7
326800                    1.4920173761138599E-7
326900                    1.4932635561818242E-7
327000                    1.4945097362497888E-7
327100                    1.4957559163177534E-7
327200                    1.4970020963857177E-7
327300                    1.4982482764536823E-7
327400                    1.499494456521647E-7
327500                    1.5007406365896113E-7
327600                    1.5028138780276464E-7
327700                    1.5065655266456457E-7
327800                    1.5103171752636454E-7
327900                    1.514068823881645E-7
328000                    1.5178204724996439E-7
328100                    1.5215721211176436E-7
328200                    1.525323769735643E-7
328300                    1.5290754183536423E-7
328400                    1.532827066971642E-7
328500                    1.5346904471005807E-7
328600                    1.534859858015375E-7
328700                    1.5350292689301693E-7
328800                    1.535198679844964E-7
328900                    1.535368090759758E-7
329000                    1.5355375016745526E-7
329100                    1.5357069125893465E-7
329200                    1.535876323504141E-7
329300                    1.536045734418935E-7
329400                    1.5384789442188752E-7
329500                    1.5417745569125843E-7
329600                    1.545070169606293E-7
329700                    1.5483657823000015E-7
329800                    1.5516613949937106E-7
329900                    1.554957007687419E-7
330000                    1.5582526203811283E-7
330100                    1.5615482330748368E-7
330200                    1.5629464348668175E-7
330300                    1.5638745831645183E-7
330400                    1.56480273146222E-7
330500                    1.565730879759921E-7
330600                    1.5666590280576224E-7
330700                    1.5675871763553238E-7
330800                    1.568515324653025E-7
330900                    1.5694434729507263E-7
331000                    1.571007865139939E-7
331100                    1.572660031171385E-7
331200                    1.5743121972028312E-7
331300                    1.5759643632342772E-7
331400                    1.5776165292657235E-7
331500                    1.5792686952971697E-7
331600                    1.5809208613286157E-7
331700                    1.582573027360062E-7
331800                    1.5837033065096686E-7
331900                    1.5848096137176913E-7
332000                    1.5859159209257143E-7
332100                    1.5870222281337368E-7
332200                    1.5881285353417596E-7
332300                    1.5892348425497823E-7
332400                    1.5903411497578054E-7
332500                    1.5914310551341382E-7
332600                    1.5920462836430331E-7
332700                    1.5926615121519283E-7
332800                    1.5932767406608238E-7
332900                    1.5938919691697187E-7
333000                    1.594507197678614E-7
333100                    1.5951224261875093E-7
333200                    1.5957376546964043E-7
333300                    1.5963528832052995E-7
333400                    1.596968111714195E-7
333500                    1.5975833402230898E-7
333600                    1.598198568731985E-7
333700                    1.5988137972408802E-7
333800                    1.5994290257497754E-7
333900                    1.6000442542586706E-7
334000                    1.6006594827675655E-7
334100                    1.6012608727453422E-7
334200                    1.6018025041104185E-7
334300                    1.6023441354754954E-7
334400                    1.6028857668405717E-7
334500                    1.603427398205648E-7
334600                    1.6039690295707247E-7
334700                    1.6045106609358013E-7
334800                    1.605052292300878E-7
334900                    1.6055939236659543E-7
335000                    1.6061355550310307E-7
335100                    1.606677186396107E-7
335200                    1.607218817761184E-7
335300                    1.6077604491262602E-7
335400                    1.6083020804913369E-7
335500                    1.6088437118564132E-7
335600                    1.6093853432214898E-7
335700                    1.6098513730771685E-7
335800                    1.6101723744877153E-7
335900                    1.6104933758982624E-7
336000                    1.6108143773088092E-7
336100                    1.6111353787193562E-7
336200                    1.611456380129903E-7
336300                    1.61177738154045E-7
336400                    1.612098382950997E-7
336500                    1.6124193843615439E-7
336600                    1.612740385772091E-7
336700                    1.6130613871826377E-7
336800                    1.6133823885931847E-7
336900                    1.6137033900037318E-7
337000                    1.6140243914142788E-7
337100                    1.6143453928248256E-7
337200                    1.6146663942353727E-7
337300                    1.6149873956459194E-7
337400                    1.6153083970564665E-7
337500                    1.6156293984670133E-7
337600                    1.6159503998775603E-7
337700                    1.6162714012881074E-7
337800                    1.6165924026986541E-7
337900                    1.6169134041092012E-7
338000                    1.617234405519748E-7
338100                    1.617555406930295E-7
338200                    1.617876408340842E-7
338300                    1.6181974097513888E-7
338400                    1.618518411161936E-7
338500                    1.6188394125724827E-7
338600                    1.6191604139830297E-7
338700                    1.6194814153935765E-7
338800                    1.6198024168041235E-7
338900                    1.6200514587435487E-7
339000                    1.6202620800807287E-7
339100                    1.6204727014179085E-7
339200                    1.6206833227550888E-7
339300                    1.6208939440922686E-7
339400                    1.621104565429449E-7
339500                    1.6213151867666287E-7
339600                    1.6215258081038087E-7
339700                    1.6217364294409885E-7
339800                    1.6219470507781686E-7
339900                    1.6221576721153486E-7
340000                    1.6223682934525284E-7
340100                    1.6225789147897087E-7
340200                    1.6227895361268885E-7
340300                    1.6230001574640688E-7
340400                    1.6232107788012486E-7
340500                    1.6234214001384286E-7
340600                    1.6236320214756084E-7
340700                    1.6238426428127887E-7
340800                    1.6240532641499685E-7
340900                    1.6242638854871488E-7
341000                    1.6244745068243286E-7
341100                    1.6246851281615087E-7
341200                    1.6248957494986887E-7
341300                    1.6251063708358685E-7
341400                    1.6253169921730486E-7
341500                    1.6255276135102283E-7
341600                    1.6257382348474087E-7
341700                    1.6259488561845884E-7
341800                    1.6261594775217688E-7
341900                    1.6263700988589485E-7
342000                    1.6265807201961286E-7
342100                    1.626715681184255E-7
342200                    1.6268475869788995E-7
342300                    1.6269794927735442E-7
342400                    1.6271113985681886E-7
342500                    1.627243304362833E-7
342600                    1.627375210157478E-7
342700                    1.627507115952122E-7
342800                    1.6276390217467665E-7
342900                    1.627770927541411E-7
343000                    1.6279028333360555E-7
343100                    1.6280347391307002E-7
343200                    1.6281666449253449E-7
343300                    1.6282985507199893E-7
343400                    1.6284304565146337E-7
343500                    1.628562362309278E-7
343600                    1.6286942681039225E-7
343700                    1.628826173898567E-7
343800                    1.6289580796932115E-7
343900                    1.6290899854878562E-7
344000                    1.6292218912825006E-7
344100                    1.629353797077145E-7
344200                    1.6294857028717896E-7
344300                    1.629617608666434E-7
344400                    1.6297495144610784E-7
344500                    1.6298814202557228E-7
344600                    1.6300133260503675E-7
344700                    1.630145231845012E-7
344800                    1.6302771376396566E-7
344900                    1.630409043434301E-7
345000                    1.6305409492289454E-7
345100                    1.6306728550235898E-7
345200                    1.63080201334485E-7
345300                    1.6309237602190772E-7
345400                    1.631045507093305E-7
345500                    1.6311672539675325E-7
345600                    1.63128900084176E-7
345700                    1.6314107477159876E-7
345800                    1.631532494590215E-7
345900                    1.631654241464443E-7
346000                    1.6317759883386702E-7
346100                    1.631897735212898E-7
346200                    1.6320194820871252E-7
346300                    1.632141228961353E-7
346400                    1.6322629758355806E-7
346500                    1.6323847227098084E-7
346600                    1.632506469584036E-7
346700                    1.6326282164582634E-7
346800                    1.632749963332491E-7
346900                    1.6328717102067185E-7
347000                    1.632993457080946E-7
347100                    1.6331152039551736E-7
347200                    1.633236950829401E-7
347300                    1.633358697703629E-7
347400                    1.6334804445778562E-7
347500                    1.633602191452084E-7
347600                    1.6337239383263115E-7
347700                    1.633845685200539E-7
347800                    1.6339674320747666E-7
347900                    1.6340891789489944E-7
348000                    1.634210925823222E-7
348100                    1.6343326726974494E-7
348200                    1.634454419571677E-7
348300                    1.6345761664459045E-7
348400                    1.6346749036329822E-7
348500                    1.6347569589090288E-7
348600                    1.634839014185075E-7
348700                    1.6349210694611217E-7
348800                    1.635003124737168E-7
348900                    1.635085180013215E-7
349000                    1.6351672352892615E-7
349100                    1.6352492905653078E-7
349200                    1.6353313458413546E-7
349300                    1.635413401117401E-7
349400                    1.6354954563934475E-7
349500                    1.6355775116694944E-7
349600                    1.6356595669455407E-7
349700                    1.6357416222215873E-7
349800                    1.635823677497634E-7
349900                    1.6359057327736804E-7
350000                    1.635987788049727E-7
350100                    1.6360698433257733E-7
350200                    1.63615189860182E-7
350300                    1.6362339538778668E-7
350400                    1.636316009153913E-7
350500                    1.6363980644299597E-7
350600                    1.6364801197060063E-7
350700                    1.6365621749820528E-7
350800                    1.6366442302580994E-7
350900                    1.636726285534146E-7
351000                    1.6368083408101926E-7
351100                    1.636890396086239E-7
351200                    1.6369724513622855E-7
351300                    1.6370545066383323E-7
351400                    1.6371365619143787E-7
351500                    1.6372186171904252E-7
351600                    1.6372840998670174E-7
351700                    1.6373475127582945E-7
351800                    1.6374109256495718E-7
351900                    1.6374743385408484E-7
352000                    1.6375377514321257E-7
352100                    1.6376011643234026E-7
352200                    1.63766457721468E-7
352300                    1.6377279901059565E-7
352400                    1.6377914029972338E-7
352500                    1.637854815888511E-7
352600                    1.637918228779788E-7
352700                    1.6379816416710648E-7
352800                    1.6380450545623421E-7
352900                    1.638108467453619E-7
353000                    1.6381718803448963E-7
353100                    1.638235293236173E-7
353200                    1.6382987061274502E-7
353300                    1.638362119018727E-7
353400                    1.6384255319100044E-7
353500                    1.6384889448012815E-7
353600                    1.6385523576925583E-7
353700                    1.6386157705838356E-7
353800                    1.6386791834751122E-7
353900                    1.6387425963663895E-7
354000                    1.6388060092576666E-7
354100                    1.6388694221489437E-7
354200                    1.6389328350402205E-7
354300                    1.6389962479314976E-7
354400                    1.6390596608227747E-7
354500                    1.639123073714052E-7
354600                    1.6391864866053286E-7
354700                    1.639245398717066E-7
354800                    1.6392861075352456E-7
354900                    1.639326816353425E-7
355000                    1.6393675251716046E-7
355100                    1.6394082339897842E-7
355200                    1.6394489428079633E-7
355300                    1.639489651626143E-7
355400                    1.6395303604443224E-7
355500                    1.639571069262502E-7
355600                    1.6396117780806816E-7
355700                    1.6396524868988607E-7
355800                    1.6396931957170404E-7
355900                    1.6397339045352197E-7
356000                    1.6397746133533994E-7
356100                    1.6398153221715788E-7
356200                    1.639856030989758E-7
356300                    1.6398967398079375E-7
356400                    1.6399374486261171E-7
356500                    1.6399781574442965E-7
356600                    1.6400188662624761E-7
356700                    1.6400595750806552E-7
356800                    1.640100283898835E-7
356900                    1.6401409927170143E-7
357000                    1.640181701535194E-7
357100                    1.6402224103533735E-7
357200                    1.6402631191715526E-7
357300                    1.6403038279897323E-7
357400                    1.6403445368079116E-7
357500                    1.6403852456260913E-7
357600                    1.640425954444271E-7
357700                    1.64046666326245E-7
357800                    1.6405073720806297E-7
357900                    1.640536492544594E-7
358000                    1.640554367126478E-7
358100                    1.640572241708362E-7
358200                    1.6405901162902465E-7
358300                    1.6406079908721307E-7
358400                    1.6406258654540146E-7
358500                    1.640643740035899E-7
358600                    1.640661614617783E-7
358700                    1.640679489199667E-7
358800                    1.6406973637815514E-7
358900                    1.6407152383634353E-7
359000                    1.6407331129453194E-7
359100                    1.6407509875272038E-7
359200                    1.6407688621090877E-7
359300                    1.6407867366909721E-7
359400                    1.6408046112728563E-7
359500                    1.6408224858547402E-7
359600                    1.6408403604366246E-7
359700                    1.6408582350185087E-7
359800                    1.640876109600393E-7
359900                    1.640893984182277E-7
360000                    1.6409118587641612E-7
360100                    1.6409297333460456E-7
360200                    1.6409476079279295E-7
360300                    1.6409654825098136E-7
360400                    1.640983357091698E-7
360500                    1.641001231673582E-7
360600                    1.641019106255466E-7
360700                    1.64103698083735E-7
360800                    1.6410548554192343E-7
360900                    1.6410727300011185E-7
361000                    1.6410906045830024E-7
361100                    1.641108479164887E-7
361200                    1.641126353746771E-7
361300                    1.6411442283286553E-7
361400                    1.6411621029105392E-7
361500                    1.6411799774924234E-7
361600                    1.6411978520743078E-7
361700                    1.6412157266561916E-7
361800                    1.641233601238076E-7
361900                    1.6412514758199602E-7
362000                    1.641269350401844E-7
362100                    1.6412872249837285E-7
362200                    1.6413050995656126E-7
362300                    1.6413229741474968E-7
362400                    1.641340848729381E-7
362500                    1.641358723311265E-7
362600                    1.6413765978931495E-7
362700                    1.6413944724750334E-7
362800                    1.6414123470569175E-7
362900                    1.6414302216388014E-7
363000                    1.6414480962206858E-7
363100                    1.64146597080257E-7
363200                    1.6414838453844538E-7
363300                    1.6415017199663382E-7
363400                    1.6415195945482224E-7
363500                    1.6415374691301063E-7
363600                    1.6415553437119907E-7
363700                    1.6415732182938748E-7
363800                    1.6415910928757592E-7
363900                    1.641608967457643E-7
364000                    1.6416268420395273E-7
364100                    1.6416447166214117E-7
364200                    1.6416618938660038E-7
364300                    1.6416742350774547E-7
364400                    1.6416865762889056E-7
364500                    1.6416989175003565E-7
364600                    1.6417112587118074E-7
364700                    1.641723599923258E-7
364800                    1.641735941134709E-7
364900                    1.6417482823461601E-7
365000                    1.641760623557611E-7
365100                    1.641772964769062E-7
365200                    1.6417853059805128E-7
365300                    1.6417976471919638E-7
365400                    1.641809988403415E-7
365500                    1.6418223296148658E-7
365600                    1.6418346708263165E-7
365700                    1.6418470120377674E-7
365800                    1.6418593532492183E-7
365900                    1.6418716944606692E-7
366000                    1.64188403567212E-7
366100                    1.641896376883571E-7
366200                    1.6419087180950216E-7
366300                    1.6419210593064725E-7
366400                    1.6419334005179234E-7
366500                    1.6419457417293746E-7
366600                    1.6419580829408255E-7
366700                    1.6419704241522764E-7
366800                    1.6419827653637273E-7
366900                    1.6419951065751782E-7
367000                    1.6420074477866288E-7
367100                    1.6420197889980797E-7
367200                    1.642032130209531E-7
367300                    1.6420444714209818E-7
367400                    1.6420568126324327E-7
367500                    1.6420691538438836E-7
367600                    1.6420814950553345E-7
367700                    1.6420938362667854E-7
367800                    1.642106177478236E-7
367900                    1.642118518689687E-7
368000                    1.642130859901138E-7
368100                    1.642143201112589E-7
368200                    1.64215554232404E-7
368300                    1.6421678835354908E-7
368400                    1.6421802247469417E-7
368500                    1.6421925659583924E-7
368600                    1.6422049071698433E-7
368700                    1.6422172483812942E-7
368800                    1.642229589592745E-7
368900                    1.6422419308041962E-7
369000                    1.6422542720156472E-7
369100                    1.642266613227098E-7
369200                    1.642278954438549E-7
369300                    1.6422912956499996E-7
369400                    1.6423036368614508E-7
369500                    1.6423159780729017E-7
369600                    1.6423283192843526E-7
369700                    1.6423406604958035E-7
369800                    1.6423530017072544E-7
369900                    1.6423653429187053E-7
370000                    1.642377684130156E-7
370100                    1.6423900253416068E-7
370200                    1.6424023665530577E-7
370300                    1.6424147077645086E-7
370400                    1.6424270489759595E-7
370500                    1.6424393901874104E-7
370600                    1.6424476146350554E-7
370700                    1.642454426640653E-7
370800                    1.6424612386462508E-7
370900                    1.642468050651848E-7
371000                    1.642474862657446E-7
371100                    1.6424816746630434E-7
371200                    1.642488486668641E-7
371300                    1.6424952986742383E-7
371400                    1.642502110679836E-7
371500                    1.6425089226854334E-7
371600                    1.6425157346910312E-7
371700                    1.642522546696629E-7
371800                    1.6425293587022263E-7
371900                    1.6425361707078238E-7
372000                    1.6425429827134214E-7
372100                    1.6425497947190192E-7
372200                    1.6425566067246165E-7
372300                    1.6425634187302143E-7
372400                    1.6425702307358119E-7
372500                    1.6425770427414094E-7
372600                    1.6425838547470072E-7
372700                    1.6425906667526045E-7
372800                    1.642597478758202E-7
372900                    1.6426042907638E-7
373000                    1.6426111027693974E-7
373100                    1.642617914774995E-7
373200                    1.6426247267805925E-7
373300                    1.64263153878619E-7
373400                    1.642638350791788E-7
373500                    1.6426451627973855E-7
373600                    1.642651974802983E-7
373700                    1.6426587868085803E-7
373800                    1.642665598814178E-7
373900                    1.642672410819776E-7
374000                    1.6426792228253732E-7
374100                    1.6426860348309705E-7
374200                    1.6426928468365683E-7
374300                    1.6426996588421661E-7
374400                    1.6427064708477634E-7
374500                    1.6427132828533613E-7
374600                    1.6427200948589585E-7
374700                    1.6427269068645564E-7
374800                    1.6427337188701536E-7
374900                    1.6427405308757515E-7
375000                    1.642747342881349E-7
375100                    1.6427541548869466E-7
375200                    1.642760966892544E-7
375300                    1.6427677788981417E-7
375400                    1.6427745909037395E-7
375500                    1.642781402909337E-7
375600                    1.6427882149149343E-7
375700                    1.6427950269205321E-7
375800                    1.6428018389261297E-7
375900                    1.6428086509317272E-7
376000                    1.642815462937325E-7
376100                    1.6428222749429224E-7
376200                    1.6428290869485202E-7
376300                    1.6428358989541177E-7
376400                    1.6428427109597153E-7
376500                    1.6428495229653126E-7
376600                    1.6428563349709104E-7
376700                    1.6428631469765082E-7
376800                    1.6428699589821055E-7
376900                    1.642874915934502E-7
377000                    1.6428766186382417E-7
377100                    1.642878321341981E-7
377200                    1.64288002404572E-7
377300                    1.6428817267494593E-7
377400                    1.6428834294531984E-7
377500                    1.6428851321569377E-7
377600                    1.6428868348606772E-7
377700                    1.6428885375644165E-7
377800                    1.6428902402681558E-7
377900                    1.6428919429718952E-7
378000                    1.6428936456756342E-7
378100                    1.6428953483793738E-7
378200                    1.6428970510831125E-7
378300                    1.642898753786852E-7
378400                    1.6429004564905914E-7
378500                    1.6429021591943307E-7
378600                    1.64290386189807E-7
378700                    1.6429055646018096E-7
378800                    1.6429072673055486E-7
378900                    1.642908970009288E-7
379000                    1.642910672713027E-7
379100                    1.6429123754167663E-7
379200                    1.6429140781205056E-7
379300                    1.6429157808242452E-7
379400                    1.6429174835279845E-7
379500                    1.6429191862317238E-7
379600                    1.6429208889354628E-7
379700                    1.642922591639202E-7
379800                    1.6429242943429412E-7
379900                    1.6429259970466805E-7
380000                    1.64292769975042E-7
380100                    1.6429294024541593E-7
380200                    1.6429311051578986E-7
380300                    1.642932807861638E-7
380400                    1.642934510565377E-7
380500                    1.6429362132691165E-7
380600                    1.6429379159728556E-7
380700                    1.642939618676595E-7
380800                    1.6429413213803342E-7
380900                    1.6429430240840735E-7
381000                    1.642944726787813E-7
381100                    1.6429464294915524E-7
381200                    1.6429481321952914E-7
381300                    1.6429498348990307E-7
381400                    1.6429515376027698E-7
381500                    1.642953240306509E-7
381600                    1.6429549430102484E-7
381700                    1.642956645713988E-7
381800                    1.6429583484177272E-7
381900                    1.6429600511214666E-7
382000                    1.6429617538252056E-7
382100                    1.642963456528945E-7
382200                    1.6429651592326845E-7
382300                    1.6429668619364235E-7
382400                    1.6429685646401628E-7
382500                    1.642970267343902E-7
382600                    1.6429719700476414E-7
382700                    1.6429736727513807E-7
382800                    1.6429753754551198E-7
382900                    1.6429770781588593E-7
383000                    1.6429787808625986E-7
383100                    1.6429804835663377E-7
383200                    1.642982186270077E-7
383300                    1.6429811568732414E-7
383400                    1.6429800762594317E-7
383500                    1.6429789956456213E-7
383600                    1.6429779150318113E-7
383700                    1.6429768344180015E-7
383800                    1.6429757538041912E-7
383900                    1.6429746731903814E-7
384000                    1.642973592576571E-7
384100                    1.642972511962761E-7
384200                    1.642971431348951E-7
384300                    1.642970350735141E-7
384400                    1.6429692701213306E-7
384500                    1.6429681895075209E-7
384600                    1.6429671088937108E-7
384700                    1.6429660282799008E-7
384800                    1.6429649476660904E-7
384900                    1.6429638670522807E-7
385000                    1.6429627864384703E-7
385100                    1.6429617058246606E-7
385200                    1.6429606252108505E-7
385300                    1.6429595445970402E-7
385400                    1.6429584639832304E-7
385500                    1.64295738336942E-7
385600                    1.64295630275561E-7
385700                    1.6429552221418E-7
385800                    1.64295414152799E-7
385900                    1.64295306091418E-7
386000                    1.6429519803003699E-7
386100                    1.6429508996865595E-7
386200                    1.6429498190727498E-7
386300                    1.64294873845894E-7
386400                    1.6429476578451297E-7
386500                    1.6429465772313194E-7
386600                    1.6429454966175096E-7
386700                    1.6429444160036995E-7
386800                    1.6429433353898892E-7
386900                    1.6429422547760794E-7
387000                    1.642941174162269E-7
387100                    1.6429400935484593E-7
387200                    1.642939012934649E-7
387300                    1.642937932320839E-7
387400                    1.642936851707029E-7
387500                    1.642935771093219E-7
387600                    1.6429346904794088E-7
387700                    1.6429336098655988E-7
387800                    1.6429325292517885E-7
387900                    1.6429314486379787E-7
388000                    1.6429303680241684E-7
388100                    1.6429292874103583E-7
388200                    1.6429282067965485E-7
388300                    1.6429271261827385E-7
388400                    1.6429260455689284E-7
388500                    1.642924964955118E-7
388600                    1.6429238843413083E-7
388700                    1.642922803727498E-7
388800                    1.6429217231136882E-7
388900                    1.642920642499878E-7
389000                    1.642919561886068E-7
389100                    1.6429184812722578E-7
389200                    1.6429174006584478E-7
389300                    1.6429163200446375E-7
389400                    1.6429152394308277E-7
389500                    1.642914158817018E-7
389600                    1.642914375206705E-7
389700                    1.6429154558206788E-7
389800                    1.6429165364346527E-7
389900                    1.6429176170486266E-7
390000                    1.6429186976626002E-7
390100                    1.642919778276574E-7
390200                    1.6429208588905475E-7
390300                    1.6429219395045213E-7
390400                    1.6429230201184952E-7
390500                    1.642924100732469E-7
390600                    1.6429251813464428E-7
390700                    1.6429262619604167E-7
390800                    1.6429273425743903E-7
390900                    1.6429284231883642E-7
391000                    1.642929503802338E-7
391100                    1.6429305844163117E-7
391200                    1.6429316650302856E-7
391300                    1.6429327456442595E-7
391400                    1.6429338262582332E-7
391500                    1.642934906872207E-7
391600                    1.642935987486181E-7
391700                    1.6429370681001543E-7
391800                    1.6429381487141282E-7
391900                    1.642939229328102E-7
392000                    1.6429403099420757E-7
392100                    1.6429413905560496E-7
392200                    1.6429424711700235E-7
392300                    1.6429435517839972E-7
392400                    1.642944632397971E-7
392500                    1.642945713011945E-7
392600                    1.6429467936259186E-7
392700                    1.6429478742398925E-7
392800                    1.6429489548538664E-7
392900                    1.64295003546784E-7
393000                    1.642951116081814E-7
393100                    1.6429521966957878E-7
393200                    1.6429532773097612E-7
393300                    1.642954357923735E-7
393400                    1.6429554385377087E-7
393500                    1.6429565191516826E-7
393600                    1.6429575997656565E-7
393700                    1.64295868037963E-7
393800                    1.642959760993604E-7
393900                    1.642960841607578E-7
394000                    1.6429619222215516E-7
394100                    1.6429630028355254E-7
394200                    1.6429640834494993E-7
394300                    1.642965164063473E-7
394400                    1.642966244677447E-7
394500                    1.6429673252914208E-7
394600                    1.6429684059053941E-7
394700                    1.642969486519368E-7
394800                    1.6429705671333422E-7
394900                    1.6429716477473156E-7
395000                    1.6429727283612895E-7
395100                    1.6429738089752634E-7
395200                    1.642974889589237E-7
395300                    1.642975970203211E-7
395400                    1.6429770508171848E-7
395500                    1.6429781314311584E-7
395600                    1.6429792120451323E-7
395700                    1.6429802926591062E-7
395800                    1.6429813732730798E-7
395900                    1.6429822412401078E-7
396000                    1.6429823493017583E-7
396100                    1.642982457363409E-7
396200                    1.6429825654250595E-7
396300                    1.64298267348671E-7
396400                    1.6429827815483604E-7
396500                    1.6429828896100112E-7
396600                    1.6429829976716616E-7
396700                    1.642983105733312E-7
396800                    1.6429832137949626E-7
396900                    1.6429833218566133E-7
397000                    1.6429834299182638E-7
397100                    1.6429835379799142E-7
397200                    1.6429836460415647E-7
397300                    1.6429837541032152E-7
397400                    1.642983862164866E-7
397500                    1.642983970226516E-7
397600                    1.6429840782881668E-7
397700                    1.6429841863498173E-7
397800                    1.6429842944114675E-7
397900                    1.6429844024731182E-7
398000                    1.6429845105347687E-7
398100                    1.6429846185964194E-7
398200                    1.6429847266580696E-7
398300                    1.6429848347197204E-7
398400                    1.6429849427813708E-7
398500                    1.6429850508430216E-7
398600                    1.6429851589046718E-7
398700                    1.6429852669663225E-7
398800                    1.642985375027973E-7
398900                    1.6429854830896237E-7
399000                    1.642985591151274E-7
399100                    1.6429856992129246E-7
399200                    1.642985807274575E-7
399300                    1.6429859153362258E-7
399400                    1.642986023397876E-7
399500                    1.6429861314595268E-7
399600                    1.6429862395211772E-7
399700                    1.642986347582828E-7
399800                    1.6429864556444782E-7
399900                    1.6429865637061286E-7
400000                    1.6429866717677794E-7
401000                    1.6429877523842843E-7
402000                    1.6429888330007895E-7
403000                    1.6429887703062094E-7
404000                    1.6429883920917625E-7
405000                    1.642988013877316E-7
406000                    1.642987635662869E-7
407000                    1.6429872574484225E-7
408000                    1.6429868792339756E-7
409000                    1.6429865010195284E-7
410000                    1.642986122805082E-7
411000                    1.6429857445906353E-7
412000                    1.6429853663761884E-7
413000                    1.6429849881617417E-7
414000                    1.6429846099472948E-7
415000                    1.6429842604630943E-7
416000                    1.642984149700075E-7
417000                    1.6429840389370556E-7
418000                    1.6429839281740363E-7
419000                    1.642983817411017E-7
420000                    1.6429837066479976E-7
421000                    1.6429835958849786E-7
422000                    1.642983485121959E-7
423000                    1.6429833743589397E-7
424000                    1.6429832635959206E-7
425000                    1.642983152832901E-7
426000                    1.6429830420698817E-7
427000                    1.6429829313068624E-7
428000                    1.642982820543843E-7
429000                    1.642982709780824E-7
430000                    1.6429825990178044E-7
431000                    1.642982488254785E-7
432000                    1.642982377491766E-7
433000                    1.6429822667287464E-7
434000                    1.6429821559657274E-7
435000                    1.642982045202708E-7
436000                    1.6429819344396884E-7
437000                    1.6429818236766694E-7
438000                    1.64298171291365E-7
439000                    1.6429816021506305E-7
440000                    1.6429814913876114E-7
441000                    1.6429814659653868E-7
442000                    1.642981468261653E-7
443000                    1.6429814705579193E-7
444000                    1.6429814728541856E-7
445000                    1.642981475150452E-7
446000                    1.642981477446718E-7
447000                    1.6429814797429844E-7
448000                    1.642981482039251E-7
449000                    1.6429814843355174E-7
450000                    1.6429814866317837E-7
451000                    1.6429814889280503E-7
452000                    1.6429814912243164E-7
453000                    1.6429814935205828E-7
454000                    1.642981495816849E-7
455000                    1.6429814981131155E-7
456000                    1.6429815004093816E-7
457000                    1.6429815027056482E-7
458000                    1.6429815050019145E-7
459000                    1.642981507298181E-7
460000                    1.6429815095944472E-7
461000                    1.6429815118907138E-7
462000                    1.64298151418698E-7
463000                    1.6429815164832463E-7
464000                    1.6429815187795126E-7
465000                    1.6429815210757792E-7
466000                    1.6429815233720456E-7
467000                    1.6429815256683117E-7
468000                    1.642981527964578E-7
469000                    1.6429815302608444E-7
470000                    1.6429815325571107E-7
471000                    1.6429815348533773E-7
472000                    1.6429815371496437E-7
473000                    1.6429815394459098E-7
474000                    1.6429815417421764E-7
475000                    1.6429815440384428E-7
476000                    1.642981546334709E-7
477000                    1.6429815486309755E-7
478000                    1.6429815509272415E-7
479000                    1.642981553223508E-7
480000                    1.6429815555197745E-7
481000                    1.6429815578160409E-7
482000                    1.6429815601123072E-7
483000                    1.6429815624085733E-7
484000                    1.64298156470484E-7
485000                    1.6429815670011063E-7
486000                    1.6429815692973726E-7
487000                    1.642981571593639E-7
488000                    1.642981573889905E-7
489000                    1.6429815761861717E-7
490000                    1.642981578482438E-7
491000                    1.6429815809607317E-7
492000                    1.64298158692305E-7
493000                    1.6429815928853688E-7
494000                    1.642981598847687E-7
495000                    1.6429816048100053E-7
496000                    1.6429816107723237E-7
497000                    1.642981616734642E-7
498000                    1.6429816226969607E-7
499000                    1.6429816286592786E-7
500000                    1.6429816346215972E-7
501000                    1.6429816405839156E-7
502000                    1.642981646546234E-7
503000                    1.6429816525085524E-7
504000                    1.642981658470871E-7
505000                    1.642981664433189E-7
506000                    1.6429816703955075E-7
507000                    1.6429816763578262E-7
508000                    1.642981682320144E-7
509000                    1.6429816882824627E-7
510000                    1.642981694244781E-7
511000                    1.6429817002070994E-7
512000                    1.642981706169418E-7
513000                    1.642981712131736E-7
514000                    1.6429817180940546E-7
515000                    1.642981724056373E-7
516000                    1.6429817300186914E-7
517000                    1.64298173598101E-7
518000                    1.642981741943328E-7
519000                    1.6429817479056465E-7
520000                    1.642981753867965E-7
521000                    1.6429817598302833E-7
522000                    1.642981765792602E-7
523000                    1.64298177175492E-7
524000                    1.6429817777172384E-7
525000                    1.6429817836795568E-7
526000                    1.6429817896418755E-7
527000                    1.6429817956041933E-7
528000                    1.642981801566512E-7
529000                    1.6429818075288304E-7
530000                    1.6429818134911487E-7
531000                    1.6429818194534674E-7
532000                    1.6429818254157852E-7
533000                    1.642981831378104E-7
534000                    1.6429818373404223E-7
535000                    1.6429818433027407E-7
536000                    1.6429818492650593E-7
537000                    1.6429818552273774E-7
538000                    1.6429818611896958E-7
539000                    1.6429818671520142E-7
540000                    1.6429818731143329E-7
541000                    1.642981879076651E-7
542000                    1.6429818850389694E-7
543000                    1.6429818910012877E-7
544000                    1.642981896963606E-7
545000                    1.6429819029259248E-7
546000                    1.6429819088882426E-7
547000                    1.6429819148505613E-7
548000                    1.6429819208128797E-7
549000                    1.6429819267751978E-7
550000                    1.6429819327375164E-7
551000                    1.6429819386998348E-7
552000                    1.6429819446621532E-7
553000                    1.6429819506244716E-7
554000                    1.6429819565867897E-7
555000                    1.6429819625491084E-7
556000                    1.6429819685114267E-7
557000                    1.642981974473745E-7
558000                    1.6429819804360635E-7
559000                    1.642981986398382E-7
560000                    1.6429819923607003E-7
561000                    1.6429819983230187E-7
562000                    1.642982004285337E-7
563000                    1.6429820102476552E-7
564000                    1.6429820162099738E-7
565000                    1.6429820221722922E-7
566000                    1.6429820281346106E-7
567000                    1.642982034096929E-7
568000                    1.642982040059247E-7
569000                    1.6429820460215657E-7
570000                    1.642982051983884E-7
571000                    1.6429820579462025E-7
572000                    1.6429820639085206E-7
573000                    1.6429820698708393E-7
574000                    1.6429820758331577E-7
575000                    1.642982081795476E-7
576000                    1.6429820877577944E-7
577000                    1.6429820937201126E-7
578000                    1.6429820996824312E-7
579000                    1.6429821056447496E-7
580000                    1.642982111607068E-7
581000                    1.642982117569386E-7
582000                    1.6429821235317045E-7
583000                    1.642982129494023E-7
584000                    1.6429821354563415E-7
585000                    1.64298214141866E-7
586000                    1.642982147380978E-7
587000                    1.6429821533432967E-7
588000                    1.642982159305615E-7
589000                    1.6429821652679334E-7
590000                    1.6429821712302518E-7
591000                    1.642982176944335E-7
592000                    1.6429821779071725E-7
593000                    1.6429821788700096E-7
594000                    1.6429821798328468E-7
595000                    1.642982180795684E-7
596000                    1.6429821817585212E-7
597000                    1.6429821827213583E-7
598000                    1.6429821836841955E-7
599000                    1.6429821846470327E-7
600000                    1.64298218560987E-7
601000                    1.642982186572707E-7
602000                    1.6429821875355442E-7
603000                    1.6429821884983814E-7
604000                    1.6429821894612186E-7
605000                    1.6429821904240557E-7
606000                    1.6429821913868932E-7
607000                    1.6429821923497303E-7
608000                    1.6429821933125673E-7
609000                    1.6429821942754044E-7
610000                    1.6429821952382419E-7
611000                    1.6429821962010788E-7
612000                    1.6429821971639162E-7
613000                    1.6429821981267534E-7
614000                    1.6429821990895906E-7
615000                    1.6429822000524275E-7
616000                    1.642982201015265E-7
617000                    1.6429822019781018E-7
618000                    1.6429822029409393E-7
619000                    1.6429822039037764E-7
620000                    1.6429822048666136E-7
621000                    1.6429822058294508E-7
622000                    1.642982206792288E-7
623000                    1.6429822077551249E-7
624000                    1.6429822087179623E-7
625000                    1.6429822096807995E-7
626000                    1.642982210643637E-7
627000                    1.6429822116064738E-7
628000                    1.642982212569311E-7
629000                    1.642982213532148E-7
630000                    1.6429822144949854E-7
631000                    1.6429822154578225E-7
632000                    1.64298221642066E-7
633000                    1.642982217383497E-7
634000                    1.642982218346334E-7
635000                    1.6429822193091715E-7
636000                    1.6429822202720084E-7
637000                    1.6429822212348456E-7
638000                    1.642982222197683E-7
639000                    1.64298222316052E-7
640000                    1.642982224123357E-7
641000                    1.6429822250861945E-7
642000                    1.6429822260490314E-7
643000                    1.6429822270118686E-7
644000                    1.642982227974706E-7
645000                    1.642982228937543E-7
646000                    1.6429822299003801E-7
647000                    1.6429822308632176E-7
648000                    1.6429822318260545E-7
649000                    1.642982232788892E-7
650000                    1.642982233751729E-7
651000                    1.642982234714566E-7
652000                    1.6429822356774032E-7
653000                    1.6429822366402406E-7
654000                    1.6429822376030775E-7
655000                    1.642982238565915E-7
656000                    1.6429822395287521E-7
657000                    1.6429822404915893E-7
658000                    1.6429822414544262E-7
659000                    1.6429822424172637E-7
660000                    1.6429822433801008E-7
661000                    1.642982244342938E-7
662000                    1.6429822453057752E-7
663000                    1.6429822462686126E-7
664000                    1.6429822472314493E-7
665000                    1.6429822481942867E-7
666000                    1.642982249157124E-7
667000                    1.642982250119961E-7
668000                    1.6429822510827982E-7
669000                    1.6429822520456357E-7
670000                    1.6429822530084728E-7
671000                    1.6429822539713098E-7
672000                    1.642982254934147E-7
673000                    1.6429822558969844E-7
674000                    1.6429822568598213E-7
675000                    1.6429822578226587E-7
676000                    1.642982258785496E-7
677000                    1.6429822597483328E-7
678000                    1.64298226071117E-7
679000                    1.6429822616740074E-7
680000                    1.6429822626368443E-7
681000                    1.6429822635996818E-7
682000                    1.642982264562519E-7
683000                    1.6429822655253558E-7
684000                    1.6429822664881933E-7
685000                    1.6429822674510305E-7
686000                    1.6429822684138674E-7
687000                    1.6429822693767048E-7
688000                    1.642982270339542E-7
689000                    1.642982271302379E-7
690000                    1.6429822722652163E-7
691000                    1.6429822731602038E-7
692000                    1.6429822727565394E-7
693000                    1.642982272352875E-7
694000                    1.6429822719492103E-7
695000                    1.642982271545546E-7
696000                    1.6429822711418812E-7
697000                    1.642982270738217E-7
698000                    1.6429822703345527E-7
699000                    1.642982269930888E-7
700000                    1.6429822695272236E-7
701000                    1.6429822691235592E-7
702000                    1.6429822687198946E-7
703000                    1.6429822683162301E-7
704000                    1.6429822679125657E-7
705000                    1.642982267508901E-7
706000                    1.642982267105237E-7
707000                    1.6429822667015725E-7
708000                    1.642982266297908E-7
709000                    1.6429822658942435E-7
710000                    1.642982265490579E-7
711000                    1.6429822650869144E-7
712000                    1.64298226468325E-7
713000                    1.6429822642795856E-7
714000                    1.6429822638759214E-7
715000                    1.6429822634722568E-7
716000                    1.6429822630685924E-7
717000                    1.642982262664928E-7
718000                    1.6429822622612633E-7
719000                    1.642982261857599E-7
720000                    1.6429822614539342E-7
721000                    1.6429822610502698E-7
722000                    1.6429822606466054E-7
723000                    1.6429822602429413E-7
724000                    1.6429822598392766E-7
725000                    1.6429822594356122E-7
726000                    1.6429822590319475E-7
727000                    1.6429822586282831E-7
728000                    1.6429822582246187E-7
729000                    1.6429822578209543E-7
730000                    1.6429822574172897E-7
731000                    1.6429822570136253E-7
732000                    1.642982256609961E-7
733000                    1.6429822562062965E-7
734000                    1.642982255802632E-7
735000                    1.6429822553989676E-7
736000                    1.642982254995303E-7
737000                    1.6429822545916386E-7
738000                    1.6429822541879742E-7
739000                    1.6429822537843095E-7
740000                    1.6429822533806454E-7
741000                    1.6429822529769804E-7
742000                    1.6429822525733163E-7
743000                    1.642982252169652E-7
744000                    1.6429822517659875E-7
745000                    1.642982251362323E-7
746000                    1.6429822509586584E-7
747000                    1.642982250554994E-7
748000                    1.6429822501513293E-7
749000                    1.6429822497476652E-7
750000                    1.6429822493440008E-7
751000                    1.6429822489403364E-7
752000                    1.6429822485366717E-7
753000                    1.6429822481330073E-7
754000                    1.6429822477293427E-7
755000                    1.6429822473256782E-7
756000                    1.6429822469220136E-7
757000                    1.6429822465183492E-7
758000                    1.642982246114685E-7
759000                    1.6429822457110206E-7
760000                    1.6429822453073562E-7
761000                    1.6429822449036916E-7
762000                    1.6429822445000272E-7
763000                    1.6429822440963625E-7
764000                    1.642982243692698E-7
765000                    1.6429822432890337E-7
766000                    1.6429822428853695E-7
767000                    1.642982242481705E-7
768000                    1.6429822420780405E-7
769000                    1.6429822416743758E-7
770000                    1.6429822412707114E-7
771000                    1.642982240867047E-7
772000                    1.6429822404633826E-7
773000                    1.642982240059718E-7
774000                    1.6429822396560535E-7
775000                    1.6429822392523894E-7
776000                    1.6429822388487247E-7
777000                    1.6429822384450603E-7
778000                    1.6429822380413956E-7
779000                    1.6429822376377312E-7
780000                    1.6429822372340668E-7
781000                    1.6429822368304024E-7
782000                    1.6429822364267378E-7
783000                    1.6429822360230734E-7
784000                    1.6429822356194092E-7
785000                    1.6429822352157446E-7
786000                    1.6429822348120801E-7
787000                    1.6429822344084157E-7
788000                    1.6429822340047513E-7
789000                    1.6429822336010867E-7
790000                    1.6429822331974223E-7
791000                    1.6429822328050115E-7
792000                    1.6429822326279946E-7
793000                    1.642982232450978E-7
794000                    1.6429822322739613E-7
795000                    1.642982232096945E-7
796000                    1.6429822319199282E-7
797000                    1.6429822317429116E-7
798000                    1.642982231565895E-7
799000                    1.6429822313888783E-7
800000                    1.6429822312118616E-7
801000                    1.642982231034845E-7
802000                    1.6429822308578286E-7
803000                    1.6429822306808117E-7
804000                    1.6429822305037953E-7
805000                    1.6429822303267786E-7
806000                    1.642982230149762E-7
807000                    1.6429822299727453E-7
808000                    1.6429822297957284E-7
809000                    1.6429822296187118E-7
810000                    1.642982229441695E-7
811000                    1.6429822292646785E-7
812000                    1.642982229087662E-7
813000                    1.6429822289106452E-7
814000                    1.6429822287336288E-7
815000                    1.642982228556612E-7
816000                    1.6429822283795955E-7
817000                    1.6429822282025788E-7
818000                    1.6429822280255622E-7
819000                    1.6429822278485455E-7
820000                    1.642982227671529E-7
821000                    1.6429822274945125E-7
822000                    1.6429822273174958E-7
823000                    1.6429822271404792E-7
824000                    1.6429822269634623E-7
825000                    1.6429822267864456E-7
826000                    1.642982226609429E-7
827000                    1.6429822264324126E-7
828000                    1.6429822262553957E-7
829000                    1.6429822260783793E-7
830000                    1.6429822259013624E-7
831000                    1.642982225724346E-7
832000                    1.6429822255473293E-7
833000                    1.6429822253703127E-7
834000                    1.642982225193296E-7
835000                    1.6429822250162794E-7
836000                    1.6429822248392627E-7
837000                    1.6429822246622463E-7
838000                    1.6429822244852297E-7
839000                    1.642982224308213E-7
840000                    1.642982224131196E-7
841000                    1.6429822239541795E-7
842000                    1.6429822237771628E-7
843000                    1.6429822236001462E-7
844000                    1.6429822234231298E-7
845000                    1.6429822232461129E-7
846000                    1.6429822230690965E-7
847000                    1.6429822228920798E-7
848000                    1.6429822227150632E-7
849000                    1.6429822225380465E-7
850000                    1.64298222236103E-7
851000                    1.6429822221840132E-7
852000                    1.6429822220069968E-7
853000                    1.6429822218299797E-7
854000                    1.6429822216529635E-7
855000                    1.6429822214759464E-7
856000                    1.64298222129893E-7
857000                    1.6429822211219133E-7
858000                    1.6429822209448967E-7
859000                    1.64298222076788E-7
860000                    1.6429822205908634E-7
861000                    1.6429822204138467E-7
862000                    1.6429822202368303E-7
863000                    1.6429822200598137E-7
864000                    1.642982219882797E-7
865000                    1.6429822197057804E-7
866000                    1.6429822195287637E-7
867000                    1.642982219351747E-7
868000                    1.6429822191747302E-7
869000                    1.642982218997714E-7
870000                    1.6429822188206969E-7
871000                    1.6429822186436805E-7
872000                    1.6429822184666638E-7
873000                    1.6429822182896472E-7
874000                    1.6429822181126305E-7
875000                    1.6429822179356139E-7
876000                    1.6429822177585972E-7
877000                    1.6429822175815808E-7
878000                    1.642982217404564E-7
879000                    1.6429822172275475E-7
880000                    1.642982217050531E-7
881000                    1.6429822168735142E-7
882000                    1.6429822166964976E-7
883000                    1.642982216519481E-7
884000                    1.642982216342464E-7
885000                    1.6429822161654473E-7
886000                    1.6429822159884307E-7
887000                    1.6429822158114143E-7
888000                    1.6429822156343977E-7
889000                    1.642982215457381E-7
890000                    1.6429822152803644E-7
891000                    1.6429822151123834E-7
892000                    1.6429822151173465E-7
893000                    1.6429822151223096E-7
894000                    1.6429822151272727E-7
895000                    1.6429822151322358E-7
896000                    1.642982215137199E-7
897000                    1.6429822151421622E-7
898000                    1.6429822151471253E-7
899000                    1.6429822151520884E-7
900000                    1.6429822151570514E-7
901000                    1.6429822151620145E-7
902000                    1.6429822151669776E-7
903000                    1.6429822151719407E-7
904000                    1.6429822151769038E-7
905000                    1.642982215181867E-7
906000                    1.64298221518683E-7
907000                    1.642982215191793E-7
908000                    1.642982215196756E-7
909000                    1.6429822152017192E-7
910000                    1.6429822152066823E-7
911000                    1.6429822152116454E-7
912000                    1.6429822152166087E-7
913000                    1.6429822152215718E-7
914000                    1.642982215226535E-7
915000                    1.642982215231498E-7
916000                    1.642982215236461E-7
917000                    1.6429822152414241E-7
918000                    1.6429822152463872E-7
919000                    1.6429822152513503E-7
920000                    1.6429822152563134E-7
921000                    1.6429822152612765E-7
922000                    1.6429822152662396E-7
923000                    1.6429822152712026E-7
924000                    1.6429822152761657E-7
925000                    1.6429822152811288E-7
926000                    1.642982215286092E-7
927000                    1.642982215291055E-7
928000                    1.6429822152960183E-7
929000                    1.6429822153009814E-7
930000                    1.6429822153059445E-7
931000                    1.6429822153109076E-7
932000                    1.6429822153158707E-7
933000                    1.6429822153208337E-7
934000                    1.6429822153257968E-7
935000                    1.64298221533076E-7
936000                    1.642982215335723E-7
937000                    1.642982215340686E-7
938000                    1.6429822153456492E-7
939000                    1.6429822153506122E-7
940000                    1.6429822153555753E-7
941000                    1.6429822153605384E-7
942000                    1.6429822153655015E-7
943000                    1.6429822153704646E-7
944000                    1.6429822153754277E-7
945000                    1.642982215380391E-7
946000                    1.642982215385354E-7
947000                    1.6429822153903172E-7
948000                    1.6429822153952803E-7
949000                    1.6429822154002433E-7
950000                    1.6429822154052064E-7
951000                    1.6429822154101695E-7
952000                    1.6429822154151326E-7
953000                    1.6429822154200957E-7
954000                    1.6429822154250588E-7
955000                    1.6429822154300218E-7
956000                    1.642982215434985E-7
957000                    1.642982215439948E-7
958000                    1.642982215444911E-7
959000                    1.6429822154498742E-7
960000                    1.6429822154548373E-7
961000                    1.6429822154598006E-7
962000                    1.6429822154647637E-7
963000                    1.6429822154697268E-7
964000                    1.6429822154746899E-7
965000                    1.642982215479653E-7
966000                    1.642982215484616E-7
967000                    1.642982215489579E-7
968000                    1.6429822154945422E-7
969000                    1.6429822154995053E-7
970000                    1.6429822155044684E-7
971000                    1.6429822155094314E-7
972000                    1.6429822155143945E-7
973000                    1.6429822155193576E-7
974000                    1.6429822155243207E-7
975000                    1.6429822155292838E-7
976000                    1.6429822155342469E-7
977000                    1.6429822155392102E-7
978000                    1.6429822155441733E-7
979000                    1.6429822155491364E-7
980000                    1.6429822155540995E-7
981000                    1.6429822155590626E-7
982000                    1.6429822155640256E-7
983000                    1.6429822155689887E-7
984000                    1.6429822155739518E-7
985000                    1.642982215578915E-7
986000                    1.642982215583878E-7
987000                    1.642982215588841E-7
988000                    1.6429822155938041E-7
989000                    1.6429822155987672E-7
990000                    1.6429822156037303E-7
991000                    1.6429822156094864E-7
992000                    1.6429822156305897E-7
993000                    1.642982215652012E-7
994000                    1.6429822156737543E-7
995000                    1.642982215695815E-7
996000                    1.6429822157181954E-7
997000                    1.642982215740895E-7
998000                    1.6429822157639143E-7
999000                    1.6429822157872524E-7
1000000                   1.64298221581091E-7
