1.000000000000000021e-02 0.000000000000000000e+00
1.909090909090908894e-02 0.000000000000000000e+00
2.735537190082644454e-02 0.000000000000000000e+00
3.486851990984222299e-02 0.000000000000000000e+00
4.169865446349292626e-02 0.000000000000000000e+00
4.921180247250870471e-02 0.000000000000000000e+00
5.747626528242606031e-02 0.000000000000000000e+00
6.656717437333514731e-02 0.000000000000000000e+00
7.656717437333514231e-02 0.000000000000000000e+00
8.756717437333513820e-02 0.000000000000000000e+00
9.966717437333513785e-02 0.000000000000000000e+00
1.129771743733351402e-01 0.000000000000000000e+00
1.276181743733351415e-01 0.000000000000000000e+00
1.437232743733351525e-01 0.000000000000000000e+00
1.614388843733351453e-01 0.000000000000000000e+00
1.809260553733351429e-01 0.000000000000000000e+00
2.023619434733351652e-01 0.000000000000000000e+00
2.259414203833351731e-01 0.000000000000000000e+00
2.518788449843352151e-01 0.000000000000000000e+00
2.804100120454352529e-01 0.000000000000000000e+00
3.117942958126452835e-01 0.000000000000000000e+00
3.463170079565763282e-01 0.000000000000000000e+00
3.842919913149004385e-01 0.000000000000000000e+00
4.260644730090569765e-01 0.000000000000000000e+00
4.720142028726291850e-01 0.000000000000000000e+00
5.225589057225585865e-01 0.000000000000000000e+00
5.781580788574809393e-01 0.000000000000000000e+00
6.393171693058955496e-01 0.000000000000000000e+00
7.065921687991516542e-01 0.000000000000000000e+00
7.805946682417334026e-01 0.000000000000000000e+00
8.619974176285732925e-01 0.000000000000000000e+00
9.515404419540971492e-01 0.000000000000000000e+00
1.050037768712173358e+00 0.000000000000000000e+00
1.158384828146057366e+00 0.000000000000000000e+00
1.277566593523329797e+00 0.000000000000000000e+00
1.408666535438329426e+00 0.000000000000000000e+00
1.552876471544828885e+00 0.000000000000000000e+00
1.711507401261978423e+00 0.000000000000000000e+00
1.886001423950842915e+00 0.000000000000000000e+00
2.077944848908593656e+00 0.000000000000000000e+00
2.289082616362119627e+00 0.000000000000000000e+00
2.521334160560998239e+00 0.000000000000000000e+00
2.776810859179764890e+00 0.000000000000000000e+00
3.057835227660408162e+00 0.000000000000000000e+00
3.366962032989115894e+00 0.000000000000000000e+00
3.707001518850694399e+00 0.000000000000000000e+00
4.081044953298430755e+00 0.000000000000000000e+00
4.492492731190941058e+00 0.000000000000000000e+00
4.945085286872702213e+00 0.000000000000000000e+00
5.442937098122639483e+00 0.000000000000000000e+00
5.990574090497569948e+00 0.000000000000000000e+00
6.592974782109993548e+00 0.000000000000000000e+00
7.255615542883659508e+00 0.000000000000000000e+00
7.984520379734692419e+00 0.000000000000000000e+00
8.786315700270828088e+00 0.000000000000000000e+00
9.668290552860577591e+00 0.000000000000000000e+00
1.063846289070930240e+01 0.000000000000000000e+00
1.170565246234290058e+01 0.000000000000000000e+00
1.287956099113985786e+01 0.000000000000000000e+00
1.417086037281651123e+01 0.000000000000000000e+00
1.559128969266082976e+01 0.000000000000000000e+00
1.715376194448958103e+01 0.000000000000000000e+00
1.887248142150120600e+01 0.000000000000000000e+00
2.076307284621399418e+01 0.000000000000000000e+00
2.284272341339806189e+01 0.000000000000000000e+00
2.513033903730053709e+01 0.000000000000000000e+00
2.764671622359325909e+01 0.000000000000000000e+00
3.041473112851525329e+01 0.000000000000000000e+00
3.345954752392944442e+01 0.000000000000000000e+00
3.680884555888506071e+01 9.881312916824930884e-324
4.049307339733623934e+01 9.881312916824930884e-324
4.454572401963253014e+01 9.881312916824930884e-324
4.900363970415845216e+01 9.881312916824930884e-324
5.390734695713696567e+01 9.881312916824930884e-324
5.930142493541333693e+01 9.881312916824930884e-324
6.523491071151734388e+01 9.881312916824930884e-324
7.176174506523175012e+01 9.881312916824930884e-324
7.894126285431759982e+01 9.881312916824930884e-324
8.683873242231203449e+01 9.881312916824930884e-324
9.552594894710591689e+01 9.881312916824930884e-324
1.050818871243791790e+02 9.881312916824930884e-324
1.155934191193797744e+02 9.881312916824930884e-324
1.271561043138804337e+02 9.881312916824930884e-324
1.398750580278311588e+02 9.881312916824930884e-324
1.538659071131769451e+02 1.976262583364986177e-323
1.692558411070573356e+02 2.470328229206232721e-323
1.861847685003257595e+02 1.016977992230016651e-311
2.048065886329210343e+02 1.674614561217907550e-297
2.252905907787758224e+02 2.493269367209093103e-282
2.478229931392160950e+02 7.274316538268748431e-268
2.726086357357003749e+02 4.487726255938943861e-254
2.998728425918330913e+02 6.294523803849601607e-241
3.298634701335790851e+02 2.150877350553393279e-228
3.628531604294996669e+02 1.912456465669470764e-216
3.991418197550123637e+02 4.711480269544920300e-205
4.390593450130763244e+02 3.414312546048233489e-194
4.829686227969466472e+02 7.705543250142795808e-184
5.312688283592040079e+02 5.718375650859756108e-174
5.843990544776871729e+02 1.469680347641468582e-164
6.428423032080186204e+02 1.374400460816366648e-155
7.071298768113831557e+02 4.902311458466327672e-147
7.778462077750841672e+02 6.975694444137700673e-139
8.556341718351553709e+02 4.132989475374401830e-131
9.412009323012337063e+02 1.062074950026380374e-123
1.035324368813919818e+03 1.230713052158254044e-116
1.138860148977874587e+03 6.673870323934172330e-110
1.252749507158224787e+03 1.754588368897736178e-103
1.378027801156609939e+03 2.313077755284142493e-97
1.515833924554833629e+03 1.578995429609339870e-91
1.667420660292879802e+03 5.755118316576833795e-86
1.834166069604730637e+03 1.153178645036581394e-80
2.017586019847766465e+03 1.306176494033222041e-75
2.219347965115106035e+03 8.588137985507269909e-71
2.441286104909179357e+03 3.361844884608392091e-66
2.685418058682660103e+03 8.026246692849685710e-62
2.953963207833488923e+03 1.195876179502567276e-57
3.249362871899400943e+03 1.136609427301170907e-53
3.574302502371904211e+03 7.036396360834214921e-50
3.931736095891657897e+03 2.894246876409483839e-46
4.324913048763386541e+03 8.060967062158975682e-43
4.757407696922287869e+03 1.547854747873994347e-39
5.233151809897080057e+03 2.084546137660380305e-36
5.756470334169351190e+03 2.001313513763113232e-33
6.332120710868849528e+03 1.391161288233245882e-30
6.965336125238298337e+03 7.105619741400418907e-28
7.661873081044691389e+03 2.704413273585534591e-25
8.428063732431724929e+03 7.772669912460907580e-23
9.270873448957461733e+03 1.708368111351617412e-20
1.019796413713577203e+04 2.906141018510709252e-18
1.121776389413191282e+04 3.870089354144530203e-16
1.233954362682766805e+04 4.078379889648619106e-14
1.357350133279299916e+04 3.436142318552230994e-12
1.493085480935486339e+04 2.337220140099462599e-10
1.642394363357291513e+04 1.295351572026697307e-08
1.806634134021276986e+04 5.901309214257529682e-07
1.987297881751661043e+04 2.228462895270607062e-05
2.186028004255083579e+04 7.030796912548148989e-04
2.404631139008848550e+04 1.867346829412377951e-02
2.645094587237989981e+04 4.205233506436824586e-01
2.909604380290045447e+04 8.084961389449366820e+00
3.200565152647306604e+04 1.335767988320720576e+02
3.520622002240293659e+04 1.908384349797703635e+03
3.872684536792579456e+04 2.371820056132717582e+04
4.259953324800093833e+04 2.579106566955748422e+05
4.685948991608359938e+04 2.467278524387699086e+06
5.154544225097452727e+04 2.087490538430002332e+07
5.669998981935454503e+04 1.569992647670839429e+08
6.236999214457257040e+04 1.054790684718577743e+09
6.860699470231239684e+04 6.360401462134566307e+09
7.546769751582620665e+04 3.458093735639551544e+10
8.301447061069139454e+04 1.702716469915636597e+11
9.131592101504310267e+04 7.625336250966771240e+11
1.004475164598299889e+05 3.118772102750496582e+12
1.104922714490955550e+05 1.169621097507641602e+13
1.215415019372876850e+05 4.037147229224143750e+13
1.336956554742990411e+05 1.286803837578962969e+14
1.470652243650115270e+05 3.796310715519193750e+14
1.617717501447952527e+05 1.036580449567874625e+15
1.779489285025573627e+05 2.606133781102388500e+15
1.957438246960956603e+05 5.946112648170547000e+15
2.153182105089878023e+05 1.198944667219661400e+16
2.368500349031691730e+05 2.072341771265765600e+16
2.605350417367686750e+05 3.032783230710559600e+16
2.865885492537281243e+05 3.835640959475879200e+16
3.152474075223834952e+05 4.370054246748378400e+16
3.467721516179044265e+05 4.671600166337449600e+16
3.814493701229774742e+05 4.823315951386461600e+16
4.195943104785578325e+05 4.893482934408437600e+16
4.615537448696962092e+05 4.923755714449460800e+16
5.077091226999484352e+05 4.936007623558259200e+16
5.584800383132258430e+05 4.940663949295658400e+16
6.143280454878311139e+05 4.942324217493905600e+16
6.757608533798968419e+05 4.942878711730342400e+16
7.433369420611691894e+05 4.943051852029568800e+16
8.176706396105687600e+05 4.943102304037544800e+16
8.994377069149082527e+05 4.943115999071315200e+16
9.893814809496817179e+05 4.943115999071315200e+16
1.000000000000000000e+06 4.943115999071315200e+16
