100                       4.777323435603276E19
200                       1.74063623900066304E17
300                       1.2091606286681968E17
400                       9.81497275953244E16
500                       8.4764959733649264E16
600                       7.5687392733206016E16
700                       6.9014666392242528E16
800                       6.3837017046186104E16
900                       5.9682527563735E16
1000                      5.6243453615855416E16
1100                      5.3337326078710488E16
1200                      5.0839591773222952E16
1300                      4.8662798112189376E16
1400                      4.6743614456754448E16
1500                      4.50349437854696E16
1600                      4.3500856399711104E16
1700                      4.211081531989332E16
1800                      4.0850034706393984E16
1900                      3.9695301882105376E16
2000                      3.863292624915944E16
2100                      3.7651442473884648E16
2200                      3.6741132381145312E16
2300                      3.5893802371636688E16
2400                      3.510251314862962E16
2500                      3.4361348692483684E16
2600                      3.3665231466464576E16
2700                      3.300977579227462E16
2800                      3.2391171434959104E16
2900                      3.1806089886537216E16
3000                      3.1251608857452772E16
3100                      3.0725150791679368E16
3200                      3.0224432061125816E16
3300                      2.9747421528998196E16
3400                      2.9292305414723368E16
3500                      2.8857229933534056E16
3600                      2.8440359645473212E16
3700                      2.8041803988054892E16
3800                      2.7659933724732076E16
3900                      2.7293151454350816E16
4000                      2.13786247287290272E17
4100                      3.4567910014071728E16
4200                      2.3101307200223584E16
4300                      1.8149045322898772E16
4400                      1.5257802064324288E16
4500                      1.330923163986018E16
4600                      1.1881679452844994E16
4700                      1.0786358381748974E16
4800                      9.913097509753452E15
4900                      9.196172771986684E15
4990                      8.65765208469462E15
4990.0625                 9.129548474611752E15
4990.125                  9.634172235391796E15
4990.1875                 1.0167308011444254E16
4990.25                   1.0726642508277206E16
4990.3125                 1.130116095098607E16
4990.375                  1.1926034823595542E16
4990.4375                 1.2564473250273602E16
4990.5                    1.3246991645013762E16
4990.5625                 1.3959538335141808E16
4990.625                  1.4694827672391962E16
4990.6875                 1.5481058241075522E16
4990.75                   1.6306125186455258E16
4990.8125                 1.7171069768127502E16
4990.875                  1.8076949770632792E16
4990.9375                 1.9028600721356008E16
4991                      2.0030513642551284E16
4991.0625                 2.1080186670036868E16
4991.125                  2.2178869234450376E16
4991.1875                 2.3327830127974596E16
4991.25                   2.4536296906617068E16
4991.3125                 2.5806304878119456E16
4991.375                  2.7135636031301824E16
4991.4375                 2.8525814033917932E16
4991.5                    2.9978385686988576E16
4991.5625                 3.1507808076242256E16
4991.625                  3.311112207625898E16
4991.6875                 3.478783504433634E16
4991.75                   3.6539798091955272E16
4991.8125                 3.8368972675508144E16
4991.875                  4.0296735354140248E16
4991.9375                 4.2312750565459904E16
4992                      4.4419226264446048E16
4992.0625                 4.6618402840790912E16
4992.125                  4.8916385133050816E16
4992.1875                 5.1332929462591944E16
4992.25                   5.3857857637743184E16
4992.3125                 5.649383229160896E16
4992.375                  5.9243554387699368E16
4992.4375                 6.211911162218164E16
4992.5                    6.5136369363052216E16
4992.5625                 6.8286185627949944E16
4992.625                  7.157175811577388E16
4992.6875                 7.4996329638165088E16
4992.75                   7.8580272069724992E16
4992.8125                 8.2332485526176128E16
4992.875                  8.6246107750644016E16
4992.9375                 9.032496165464616E16
4993                      9.4572923003657568E16
4993.0625                 9.9030679999958048E16
4993.125                  1.0369422646048984E17
4993.1875                 1.08558271772804096E17
4993.25                   1.1362751746124912E17
4993.3125                 1.18906729043451104E17
4993.375                  1.24400736428420416E17
4993.4375                 1.30114434313427248E17
4993.5                    1.36052782579624E17
4993.5625                 1.422208066863996E17
4993.625                  1.4863983185306816E17
4993.6875                 1.5543177689806096E17
4993.75                   1.6249978288555184E17
4993.8125                 1.69850067510019904E17
4993.875                  1.77488929756713824E17
4993.9375                 1.85422750377167648E17
4994                      1.9365799236304416E17
4994.0625                 2.022012014182816E17
4994.125                  2.11059006429518304E17
4994.1875                 2.20238119934778304E17
4994.25                   2.29839105732686432E17
4994.3125                 2.3990183898947984E17
4994.375                  2.5034929095138336E17
4994.4375                 2.611897530541504E17
4994.5                    2.72431620447459616E17
4994.5625                 2.840833925609856E17
4994.625                  2.9615367366820051E17
4994.6875                 3.0865117344789242E17
4994.75                   3.2158470754337126E17
4994.8125                 3.3496319811933824E17
4994.875                  3.489662097673168E17
4994.9375                 3.634973626019159E17
4995                      3.7854382909002918E17
4995.0625                 3.9411616828779296E17
4995.125                  4.1022506515076E17
4995.1875                 4.2688133117170598E17
4995.25                   4.4409590501557914E17
4995.3125                 4.618798531515497E17
4995.375                  4.8024437048214694E17
4995.4375                 4.992360673166039E17
4995.5                    5.1896306007415597E17
4995.5625                 5.3933861369096883E17
4995.625                  5.6037537018137504E17
4995.6875                 5.8208611552623296E17
4995.75                   6.0448378035176602E17
4995.8125                 6.2758144060503386E17
4995.875                  6.5139231822600064E17
4995.9375                 6.7592978181618381E17
4996                      7.0120734730384781E17
4996.0625                 7.2728234958813018E17
4996.125                  7.541649443902345E17
4996.1875                 7.8184485800029875E17
4996.25                   8.1033662374182592E17
4996.3125                 8.3965493098992627E17
4996.375                  8.6981462584323123E17
4996.4375                 9.008307117920768E17
4996.5                    9.3271835038290982E17
4996.5625                 9.6549286187892173E17
4996.625                  9.9916972591687219E17
4996.6875                 1.03369471750408922E18
4996.75                   1.06913777066750054E18
4996.8125                 1.10551538520260864E18
4996.875                  1.14284329123944307E18
4996.9375                 1.18113737659731482E18
4997                      1.22041368739477504E18
4997.0625                 1.26068842865576986E18
4997.125                  1.30197796491193856E18
4997.1875                 1.34421996743961011E18
4997.25                   1.38730353543971866E18
4997.3125                 1.43139105522505421E18
4997.375                  1.47649797256368563E18
4997.4375                 1.52263987661129933E18
4997.5                    1.56983250040261504E18
4997.5625                 1.61809172133929472E18
4997.625                  1.6674335616743616E18
4997.6875                 1.71765894137379379E18
4997.75                   1.76872104662869478E18
4997.8125                 1.82080516994974694E18
4997.875                  1.87392515944183654E18
4997.9375                 1.92809497762706202E18
4998                      1.98332870176482048E18
4998.0625                 2.03964052416915558E18
4998.125                  2.0967704959368617E18
4998.1875                 2.15467597516016922E18
4998.25                   2.21355821965371571E18
4998.3125                 2.27342829636812979E18
4998.375                  2.3342973470960143E18
4998.4375                 2.3961765885983293E18
4998.5                    2.4588329678062218E18
4998.5625                 2.5221690524390124E18
4998.625                  2.5863902538747172E18
4998.6875                 2.6515041810978202E18
4998.75                   2.7175184739894472E18
4998.8125                 2.7843900876590377E18
4998.875                  2.8517451381686625E18
4998.9375                 2.9198688411407877E18
4999                      2.9887651792813389E18
4999.0625                 3.0584381232489856E18
4999.125                  3.1287784511345915E18
4999.1875                 3.1995800221049431E18
4999.25                   3.2710267621262925E18
4999.3125                 3.3431191353979976E18
4999.375                  3.4158544505438792E18
4999.4375                 3.4889215800631378E18
4999.5                    3.5625102704389939E18
4999.5625                 3.6366177726994529E18
4999.625                  3.7112157456886426E18
4999.6875                 3.786090838571264E18
4999.75                   3.8613691984809503E18
4999.8125                 3.9370451897695355E18
4999.875                  4.0130043746479846E18
4999.9375                 4.0892142703945503E18
5000                      4.1657150884733251E18
5000.0625                 4.2424805270608824E18
5000.125                  4.3193556772044856E18
5000.1875                 4.3964164594335908E18
5000.25                   4.4736523804286469E18
5000.3125                 4.5509294870835436E18
5000.375                  4.628295520428161E18
5000.4375                 4.7057296035454208E18
5000.5                    4.7831462330325391E18
5000.5625                 4.8605687535718707E18
5000.625                  4.9379622168205179E18
5000.6875                 5.015259953171158E18
5000.75                   5.0924769052030771E18
5000.8125                 5.1695627164315566E18
5000.875                  5.2465008339561001E18
5000.9375                 5.3232748132679178E18
5001                      5.3998350858720051E18
5001.0625                 5.4761798701572475E18
5001.125                  5.5522686630957588E18
5001.1875                 5.628076628732674E18
5001.25                   5.7035883619897252E18
5001.3125                 5.7787759536106926E18
5001.375                  5.8536237069173217E18
5001.4375                 5.9281021233579039E18
5001.5                    6.0021950450461788E18
5001.5625                 6.0758792139622748E18
5001.625                  6.1491339456253553E18
5001.6875                 6.2219374052414566E18
5001.75                   6.2942667340440689E18
5001.8125                 6.3661053309042637E18
5001.875                  6.4374381674718177E18
5001.9375                 6.5082438414511524E18
5002                      6.5785084365881897E18
5002.0625                 6.6482098857328671E18
5002.125                  6.717337390213462E18
5002.1875                 6.7858670930132398E18
5002.25                   6.8537915904272773E18
5002.3125                 6.9210849803370189E18
5002.375                  6.9877434599373169E18
5002.4375                 7.0537389028272824E18
5002.5                    7.1190712404616008E18
5002.5625                 7.1837098980152207E18
5002.625                  7.2476535221700936E18
5002.6875                 7.3108750979243233E18
5002.75                   7.3733762252547369E18
5002.8125                 7.4351322456091003E18
5002.875                  7.4961406380207575E18
5002.9375                 7.5563813394722724E18
5003                      7.615848089322836E18
5003.0625                 7.6745260757801165E18
5003.125                  7.7324040952073339E18
5003.1875                 7.7894738510770688E18
5003.25                   7.8457179318903409E18
5003.3125                 7.9011359218734602E18
5003.375                  7.9557033306059366E18
5003.4375                 8.0094276182751355E18
5003.5                    8.0622801790159022E18
5003.5625                 8.1142684454439721E18
5003.625                  8.1653677928993167E18
5003.6875                 8.21558210801037E18
5003.75                   8.2648919949836749E18
5003.8125                 8.3132965167990374E18
5003.875                  8.3607828207502275E18
5003.9375                 8.4073438105853071E18
5004                      8.4529745547931474E18
5004.0625                 8.4976604063248579E18
5004.125                  8.5414057976796488E18
5004.1875                 8.5841873697333309E18
5004.25                   8.6260195638853612E18
5004.3125                 8.6668734025790372E18
5004.375                  8.7067634083220398E18
5004.4375                 8.7456653747100068E18
5004.5                    8.7835895778544538E18
5004.5625                 8.8205168990092196E18
5004.625                  8.8564501202917294E18
5004.6875                 8.8913846670110198E18
5004.75                   8.9253090710812867E18
5004.8125                 8.9582331170780948E18
5004.875                  8.9901392666639647E18
5004.9375                 9.02103230236224E18
5005                      9.0509092093466911E18
5005.0625                 9.0797603135496305E18
5005.125                  9.1075983140099973E18
5005.1875                 9.1344060641082092E18
5005.25                   9.1601914116034355E18
5005.3125                 9.184951994068055E18
5005.375                  9.2086802643229112E18
5005.4375                 9.23139154491256E18
5005.5                    9.253069230960636E18
5005.5625                 9.273724385573972E18
5005.625                  9.293355575845738E18
5005.6875                 9.311957654096263E18
5005.75                   9.329548972915644E18
5005.8125                 9.346113539657628E18
5005.875                  9.361665973478562E18
5005.9375                 9.376205841265846E18
5006                      9.38973062083155E18
5006.0625                 9.402261845318042E18
5006.125                  9.413784221512413E18
5006.1875                 9.424316105371398E18
5006.25                   9.433858090560991E18
5006.3125                 9.44241054818662E18
5006.375                  9.449997955542704E18
5006.4375                 9.456606082977466E18
5006.5                    9.462257004020933E18
5006.5625                 9.466952324576422E18
5006.625                  9.470695897349014E18
5006.6875                 9.473513641328908E18
5006.75                   9.475393889824401E18
5006.8125                 9.476361896826028E18
5006.875                  9.476420224583928E18
5006.9375                 9.475576265329162E18
5007                      9.473857077801091E18
5007.0625                 9.471253709270792E18
5007.125                  9.467794342992153E18
5007.1875                 9.463482406329453E18
5007.25                   9.458328770374603E18
5007.3125                 9.452361231581895E18
5007.375                  9.445573645961196E18
5007.4375                 9.437996712686862E18
5007.5                    9.429634604436283E18
5007.5625                 9.420501469484188E18
5007.625                  9.410625354213124E18
5007.6875                 9.400002943260424E18
5007.75                   9.388666870840877E18
5007.8125                 9.376621914974839E18
5007.875                  9.363885140962585E18
5007.9375                 9.35048429270055E18
5008                      9.33641881224228E18
5008.0625                 9.321722526825988E18
5008.125                  9.306400670834684E18
5008.1875                 9.290472700789455E18
5008.25                   9.273965471965815E18
5008.3125                 9.25688100996799E18
5008.375                  9.239253455493646E18
5008.4375                 9.2210883544092385E18
5008.5                    9.2024068710051645E18
5008.5625                 9.1832343916893276E18
5008.625                  9.1635752449058458E18
5008.6875                 9.1434629102998784E18
5008.75                   9.1229031177322435E18
5008.8125                 9.1019179243815782E18
5008.875                  9.0805307180350269E18
5008.9375                 9.0587477480141793E18
5009                      9.0366008236512696E18
5009.0625                 9.014095760059478E18
5009.125                  8.9912546060405975E18
5009.1875                 8.9680983157729229E18
5009.25                   8.944634593012779E18
5009.3125                 8.9208926057992038E18
5009.375                  8.8968781918518159E18
5009.4375                 8.8726124652272445E18
5009.5                    8.8481136439150049E18
5009.5625                 8.8233903628701379E18
5009.625                  8.7984682938017096E18
5009.6875                 8.7733532722504878E18
5009.75                   8.7480645973564242E18
5009.8125                 8.722617605566935E18
5009.875                  8.6970213192974633E18
5009.9375                 8.6712972464288614E18
5010                      8.6454512290069084E18
5010.0625                 8.6194999892687636E18
5010.125                  8.5934560013975071E18
5010.1875                 8.5673281516301373E18
5010.25                   8.5411333584210371E18
5010.3125                 8.514877502714796E18
5010.375                  8.4885741479841628E18
5010.4375                 8.4622330784833915E18
5010.5                    8.4358625800644055E18
5010.5625                 8.4094748263528212E18
5010.625                  8.3830757802473073E18
5010.6875                 8.3566754870025175E18
5010.75                   8.3302813379725271E18
5010.8125                 8.3039006462703841E18
5010.875                  8.2775409537003366E18
5010.9375                 8.2512083453385144E18
5011                      8.2249092278591693E18
5011.0625                 8.1986489817881334E18
5011.125                  8.1724336881744384E18
5011.1875                 8.1462666084895304E18
5011.25                   8.1201539762205061E18
5011.3125                 8.0940986685135534E18
5011.375                  8.0681044785442458E18
5011.4375                 8.0421761169323633E18
5011.5                    8.016313103896406E18
5011.5625                 7.9905218266788649E18
5011.625                  7.9648019396170813E18
5011.6875                 7.9391560729084477E18
5011.75                   7.9135875446416056E18
5011.8125                 7.888092798730709E18
5011.875                  7.862678358644265E18
5011.9375                 7.8373411142071767E18
5012                      7.812082925747243E18
5012.0625                 7.7869057153587917E18
5012.125                  7.7618038282768128E18
5012.1875                 7.7367836370611692E18
5012.25                   7.7118399082971156E18
5012.3125                 7.6869740730150687E18
5012.375                  7.662186705182974E18
5012.4375                 7.6374711268887296E18
5012.5                    7.6128331684044012E18
5012.5625                 7.5882661945188076E18
5012.625                  7.563771484577193E18
5012.6875                 7.5393484760750725E18
5012.75                   7.5149901931136041E18
5012.8125                 7.490701840581717E18
5012.875                  7.4664760058138317E18
5012.9375                 7.4423140297085133E18
5013                      7.4182144875128617E18
5013.0625                 7.3941706894740961E18
5013.125                  7.370187208883455E18
5013.1875                 7.346256430248022E18
5013.25                   7.3223799098083799E18
5013.3125                 7.2985556717729126E18
5013.375                  7.274777759647402E18
5013.4375                 7.2510501713777234E18
5013.5                    7.2273655985467607E18
5013.5625                 7.2037259156402883E18
5013.625                  7.1801289226499963E18
5013.6875                 7.1565697195332833E18
5013.75                   7.1330518327546388E18
5013.8125                 7.109568699752916E18
5013.875                  7.086122575253972E18
5013.9375                 7.0627113608241162E18
5014                      7.0393314298325217E18
5014.0625                 7.0159859748493578E18
5014.125                  6.9926695464519045E18
5014.1875                 6.969384810515286E18
5014.25                   6.9461300826742794E18
5014.3125                 6.9229031392851661E18
5014.375                  6.8997069981436232E18
5014.4375                 6.8765376219368008E18
5014.5                    6.8533980962467645E18
5014.5625                 6.8302874412195E18
5014.625                  6.8072048961151898E18
5014.6875                 6.7841534743087206E18
5014.75                   6.7611307859301018E18
5014.8125                 6.7381403296901284E18
5014.875                  6.7151820923029115E18
5014.9375                 6.6922567814862019E18
5015                      6.6693675791885302E18
5015.0625                 6.6465139192073728E18
5015.125                  6.6236996972847329E18
5015.1875                 6.6009260953091215E18
5015.25                   6.578195252916566E18
5015.3125                 6.5555106889533174E18
5015.375                  6.5328737811631882E18
5015.4375                 6.5102888008505262E18
5015.5                    6.4877583153219103E18
5015.5625                 6.4652858266371461E18
5015.625                  6.4428753476054538E18
5015.6875                 6.4205302651312445E18
5015.75                   6.3982552021721549E18
5015.8125                 6.3760542575336274E18
5015.875                  6.3539321994494106E18
5015.9375                 6.3318936740094515E18
5016                      6.3099440853694515E18
5016.0625                 6.2880883838111785E18
5016.125                  6.2663322939365417E18
5016.1875                 6.2446817308056361E18
5016.25                   6.223142088342018E18
5016.3125                 6.2017207335085404E18
5016.375                  6.1804229206009119E18
5016.4375                 6.1592560323336499E18
5016.5                    6.1382269898199818E18
5016.5625                 6.1173420164885125E18
5016.625                  6.0966103162730988E18
5016.6875                 6.0760374263821681E18
5016.75                   6.055632344752642E18
5016.8125                 6.0354028367525294E18
5016.875                  6.0153559944708301E18
5016.9375                 5.9955026496709048E18
5017                      5.9758486048302817E18
5017.0625                 5.956404338830722E18
5017.125                  5.9371782784903127E18
5017.1875                 5.918178369915946E18
5017.25                   5.8994167663834491E18
5017.3125                 5.880899523002796E18
5017.375                  5.8626383556819415E18
5017.4375                 5.8446421495659919E18
5017.5                    5.8269196237520947E18
5017.5625                 5.8094838357692611E18
5017.625                  5.7923410876879473E18
5017.6875                 5.7755039605537987E18
5017.75                   5.7589815769033472E18
5017.8125                 5.7427833434236508E18
5017.875                  5.7269224585159219E18
5017.9375                 5.7114056994346404E18
5018                      5.6962459225539594E18
5018.0625                 5.6814522544335473E18
5018.125                  5.667034538339029E18
5018.1875                 5.6530054506782976E18
5018.25                   5.6393722584418755E18
5018.3125                 5.6261474283264993E18
5018.375                  5.6133398540636877E18
5018.4375                 5.6009594197140193E18
5018.5                    5.5890176424440986E18
5018.5625                 5.5775221650582292E18
5018.625                  5.5664843024587796E18
5018.6875                 5.5559124877165148E18
5018.75                   5.5458161218556232E18
5018.8125                 5.5362049270327808E18
5018.875                  5.5270867282518938E18
5018.9375                 5.5184708372029286E18
5019                      5.5103650225083607E18
5019.0625                 5.502777561926103E18
5019.125                  5.495715789330134E18
5019.1875                 5.4891874377345597E18
5019.25                   5.4831989194692649E18
5019.3125                 5.4777571744307272E18
5019.375                  5.4728686286475889E18
5019.4375                 5.4685377234277683E18
5019.5                    5.4647717522834596E18
5019.5625                 5.461573348477822E18
5019.625                  5.458948511475583E18
5019.6875                 5.4569010441014456E18
5019.75                   5.4554321251815936E18
5019.8125                 5.454548204648149E18
5019.875                  5.4542473455319235E18
5019.9375                 5.4545345555279933E18
5020                      5.455410259170645E18
5020.0625                 5.4568721738894756E18
5020.125                  5.4589254714988882E18
5020.1875                 5.4615630163165819E18
5020.25                   5.464788833858988E18
5020.3125                 5.4685992991248097E18
5020.375                  5.4729886616160768E18
5020.4375                 5.4779603835918981E18
5020.5                    5.4835017311585731E18
5020.5625                 5.4896158111642542E18
5020.625                  5.4962944292542095E18
5020.6875                 5.503528555681622E18
5020.75                   5.5113195525707151E18
5020.8125                 5.5196489677832929E18
5020.875                  5.5284977162396733E18
5020.9375                 5.5378188695857695E18
5021                      5.5476385581663478E18
5021.0625                 5.5579623136260434E18
5021.125                  5.5687918073744538E18
5021.1875                 5.5801356535133501E18
5021.25                   5.5919860076462377E18
5021.3125                 5.6042593173251656E18
5021.375                  5.6170094753374208E18
5021.4375                 5.6302241345672315E18
5021.5                    5.6438205095218872E18
5021.5625                 5.6578524054908293E18
5021.625                  5.6723022626571049E18
5021.6875                 5.6870871601949153E18
5021.75                   5.7022613835624468E18
5021.8125                 5.717801999250133E18
5021.875                  5.7336276443543583E18
5021.9375                 5.7497922074830141E18
5022                      5.7662673374342605E18
5022.0625                 5.7829746825332726E18
5022.125                  5.7999669558493071E18
5022.1875                 5.8172105162139679E18
5022.25                   5.8346313741698212E18
5022.3125                 5.8522803050226074E18
5022.375                  5.8701187071604767E18
5022.4375                 5.8880781821013279E18
5022.5                    5.9062068261945211E18
5022.5625                 5.9244616298660598E18
5022.625                  5.9427808446083533E18
5022.6875                 5.9612091886891981E18
5022.75                   5.9797000345103831E18
5022.8125                 5.9981991214031585E18
5022.875                  6.0167471572489851E18
5022.9375                 6.0352949308333015E18
5023                      6.0537962370087219E18
5023.0625                 6.0722872332192061E18
5023.125                  6.090717400480684E18
5023.1875                 6.1090488425248399E18
5023.25                   6.1273127438942771E18
5023.3125                 6.1454587786755154E18
5023.375                  6.1634572623169075E18
5023.4375                 6.1813341259693435E18
5023.5                    6.199040929118975E18
5023.5625                 6.2165557272432865E18
5023.625                  6.2338990815911977E18
5023.6875                 6.2510262668895396E18
5023.75                   6.267922225899947E18
5023.8125                 6.2846022150025021E18
5023.875                  6.3010271144829911E18
5023.9375                 6.3171875373382973E18
5024                      6.3330936921988628E18
5024.0625                 6.3487139145763451E18
5024.125                  6.3640429519699302E18
5024.1875                 6.3790864151220029E18
5024.25                   6.393821779886081E18
5024.3125                 6.4082461526686095E18
5024.375                  6.4223611768893071E18
5024.4375                 6.4361548471248927E18
5024.5                    6.4496247271408691E18
5024.5625                 6.4627692772716564E18
5024.625                  6.4755879303085947E18
5024.6875                 6.4880768270044672E18
5024.75                   6.5002321392585441E18
5024.8125                 6.512065049005823E18
5024.875                  6.523568588337495E18
5024.9375                 6.5347375867075768E18
5025                      6.5455945467289149E18
5025.0625                 6.556128088321538E18
5025.125                  6.5663326235288013E18
5025.1875                 6.5762407150215987E18
5025.25                   6.5858358320926802E18
5025.3125                 6.595112793048322E18
5025.375                  6.6041120933192243E18
5025.4375                 6.6128120333525944E18
5025.5                    6.6212084791512842E18
5025.5625                 6.629346906827989E18
5025.625                  6.6372012516536566E18
5025.6875                 6.6447699764512389E18
5025.75                   6.6520964073027338E18
5025.8125                 6.6591552479856568E18
5025.875                  6.6659463901714934E18
5025.9375                 6.6725071579974799E18
5026                      6.6788151791174175E18
5026.0625                 6.6848711008902472E18
5026.125                  6.6907035115034737E18
5026.1875                 6.6962944265395558E18
5026.25                   6.7016444520229857E18
5026.3125                 6.706771625071063E18
5026.375                  6.7116634068848568E18
5026.4375                 6.7163194002723922E18
5026.5                    6.7207463080640655E18
5026.5625                 6.7249376077413171E18
5026.625                  6.7288908924398275E18
5026.6875                 6.7326017835048479E18
5026.75                   6.7360698263850547E18
5026.8125                 6.7392896848448133E18
5026.875                  6.7422470784629484E18
5026.9375                 6.7449471768244859E18
5027                      6.7473810034402355E18
5027.0625                 6.7495262738589932E18
5027.125                  6.7513929198652662E18
5027.1875                 6.7529679149371197E18
5027.25                   6.7542233080073605E18
5027.3125                 6.7551726341537167E18
5027.375                  6.7557987544356106E18
5027.4375                 6.7560705230795141E18
5027.5                    6.75600376963742E18
5027.5625                 6.7555775201859676E18
5027.625                  6.7547597554805473E18
5027.6875                 6.7535672914619146E18
5027.75                   6.7519758780014418E18
5027.8125                 6.7499545693129236E18
5027.875                  6.7475199921061458E18
5027.9375                 6.7446453644289239E18
5028                      6.7413022519389891E18
5028.0625                 6.7375061437438505E18
5028.125                  6.7332285444340521E18
5028.1875                 6.7284444224567009E18
5028.25                   6.7231674561536543E18
5028.3125                 6.7173682254006118E18
5028.375                  6.7110254933615718E18
5028.4375                 6.7041507307707402E18
5028.5                    6.6967142767372534E18
5028.5625                 6.6886986864659548E18
5028.625                  6.6801130658381906E18
5028.6875                 6.6709280576447078E18
5028.75                   6.6611297399501588E18
5028.8125                 6.6507248765563484E18
5028.875                  6.6396848259420662E18
5028.9375                 6.6279987727270031E18
5029                      6.6156712756557855E18
5029.0625                 6.6026747288061143E18
5029.125                  6.5890009482475735E18
5029.1875                 6.5746524811410504E18
5029.25                   6.5596030440830546E18
5029.3125                 6.5438465986568274E18
5029.375                  6.5273838893757819E18
5029.4375                 6.5101902715760251E18
5029.5                    6.4922613659159788E18
5029.5625                 6.4735963171768525E18
5029.625                  6.4541725182948823E18
5029.6875                 6.433986745190231E18
5029.75                   6.4130367354537677E18
5029.8125                 6.3913024393008404E18
5029.875                  6.3687812354152059E18
5029.9375                 6.3454696439194358E18
5030                      6.3213508356001587E18
5030.0625                 6.2964221556470385E18
5030.125                  6.2706791073631345E18
5030.1875                 6.2441089003062856E18
5030.25                   6.2167080936874281E18
5030.3125                 6.1884714010053806E18
5030.375                  6.159391048832642E18
5030.4375                 6.1294619139628544E18
5030.5                    6.0986781880079811E18
5030.5625                 6.0670382563445893E18
5030.625                  6.0345342493596447E18
5030.6875                 6.0011602469453261E18
5030.75                   5.9669218371826995E18
5030.8125                 5.9318074173261906E18
5030.875                  5.8958117638060698E18
5030.9375                 5.858947619049086E18
5031                      5.8211997182154711E18
5031.0625                 5.7825639902291118E18
5031.125                  5.743060478087978E18
5031.1875                 5.7026700844503112E18
5031.25                   5.6613905244078428E18
5031.3125                 5.6192492048832461E18
5031.375                  5.5762230497418455E18
5031.4375                 5.5323122934661786E18
5031.5                    5.4875516656943022E18
5031.5625                 5.4419139990685338E18
5031.625                  5.39540288583441E18
5031.6875                 5.3480602097081805E18
5031.75                   5.2998546443739832E18
5031.8125                 5.2507940862941368E18
5031.875                  5.2009272534489518E18
5031.9375                 5.1502186495092142E18
5032                      5.0986815287964375E18
5032.0625                 5.0463709487008963E18
5032.125                  4.9932473015138243E18
5032.1875                 4.9393303541114808E18
5032.25                   4.8846808106088827E18
5032.3125                 4.8292550939891753E18
5032.375                  4.7730807263649915E18
5032.4375                 4.7162231479677317E18
5032.5                    4.6586350520148931E18
5032.5625                 4.6003530245740129E18
5032.625                  4.5414460982034217E18
5032.6875                 4.4818635870200996E18
5032.75                   4.4216524828089329E18
5032.8125                 4.3608840257603963E18
5032.875                  4.2995046250271892E18
5032.9375                 4.2375730066122619E18
5033                      4.1751609958308337E18
5033.0625                 4.1122127043071396E18
5033.125                  4.0487998456848051E18
5033.1875                 3.9849929878111754E18
5033.25                   3.9207346912932321E18
5033.3125                 3.8561107565758392E18
5033.375                  3.7911884679261768E18
5033.4375                 3.7259097204037376E18
5033.5                    3.6603752484654459E18
5033.5625                 3.5946469028781076E18
5033.625                  3.5286669294768911E18
5033.6875                 3.4625514758867087E18
5033.75                   3.3963547724607032E18
5033.8125                 3.3300205446585492E18
5033.875                  3.2636803317734436E18
5033.9375                 3.1973786367041874E18
5034                      3.1310618751843011E18
5034.0625                 3.0648763113781074E18
5034.125                  2.998854841541058E18
5034.1875                 2.9329478191912212E18
5034.25                   2.8673147722780175E18
5034.3125                 2.8019755162798638E18
5034.375                  2.7368855666634363E18
5034.4375                 2.6722153179691479E18
5034.5                    2.6079706362298081E18
5034.5625                 2.5441133244076109E18
5034.625                  2.480821191320321E18
5034.6875                 2.4180861026933396E18
5034.75                   2.3558770876066314E18
5034.8125                 2.29437478504325504E18
5034.875                  2.23355803429459046E18
5034.9375                 2.17340374528462362E18
5035                      2.11408965934416154E18
5035.0625                 2.05558376585973914E18
5035.125                  1.9978711278980416E18
5035.1875                 1.94111979379580493E18
5035.25                   1.88529040214676045E18
5035.3125                 1.8303759688711895E18
5035.375                  1.77652717173700966E18
5035.4375                 1.72370215008856883E18
5035.5                    1.67190113040186522E18
5035.5625                 1.62124916901263002E18
5035.625                  1.57170801851088205E18
5035.6875                 1.52328379670673997E18
5035.75                   1.47606755013638298E18
5035.8125                 1.43003178038040474E18
5035.875                  1.38518728351112218E18
5035.9375                 1.34158110986793702E18
5036                      1.29920628335357594E18
5036.0625                 1.25807342515372186E18
5036.125                  1.21818407916592435E18
5036.1875                 1.17955421289095782E18
5036.25                   1.14219064278675738E18
5036.3125                 1.10605229009784179E18
5036.375                  1.07117721151765658E18
5036.4375                 1.03756560173004518E18
5036.5                    1.00513873117850381E18
5036.5625                 9.7395481311233984E17
5036.625                  9.440049455409719E17
5036.6875                 9.1517951949103552E17
5036.75                   8.8755397120594342E17
5036.8125                 8.6110843000683853E17
5036.875                  8.357105047846231E17
5036.9375                 8.1144909510502272E17
5037                      7.8829230992994854E17
5037.0625                 7.6609378160912102E17
5037.125                  7.4495154844970304E17
5037.1875                 7.2482160714583923E17
5037.25                   7.0555243248593318E17
5037.3125                 6.8724663472837619E17
5037.375                  6.6984900115872166E17
5037.4375                 6.5321099231260109E17
5037.5                    6.3743532958134579E17
5037.5625                 6.2245740720676006E17
5037.625                  6.0813854236377421E17
5037.6875                 5.9457754449772992E17
5037.75                   5.8170295363402854E17
5037.8125                 5.6939111196194726E17
5037.875                  5.5773360620023507E17
5037.9375                 5.4665510766966253E17
5038                      5.360502343947111E17
5038.0625                 5.260009367826704E17
5038.125                  5.1643112892790918E17
5038.1875                 5.0725505158620538E17
5038.25                   4.9854357941837946E17
5038.3125                 4.9022278839905453E17
5038.375                  4.8222620436372422E17
5038.4375                 4.7461312885100243E17
5038.5                    4.6731425628295066E17
5038.5625                 4.6028074700933107E17
5038.625                  4.5356064853823341E17
5038.6875                 4.4709108128447315E17
5038.75                   4.4083832852745178E17
5038.8125                 4.348401285027719E17
5038.875                  4.290411022438912E17
5038.9375                 4.2341974010149754E17
5039                      4.1800482027101152E17
5039.0625                 4.1274882459816787E17
5039.125                  4.0763952753200262E17
5039.1875                 4.026982837185159E17
5039.25                   3.9788518493545402E17
5039.3125                 3.9319465415019117E17
5039.375                  3.8864216080181216E17
5039.4375                 3.84194703394744E17
5039.5                    3.798511798325945E17
5039.5625                 3.7562257832566022E17
5039.625                  3.7148182859504794E17
5039.6875                 3.674306534180023E17
5039.75                   3.634767481358473E17
5039.8125                 3.595978957677143E17
5039.875                  3.5579749019427846E17
5039.9375                 3.5208087592880461E17
5040                      3.4842964569744448E17
5040.0625                 3.4484812391657914E17
5040.125                  3.4134000848803507E17
5040.1875                 3.3788978430517888E17
5040.25                   3.3450227267925536E17
5040.3125                 3.311800246081712E17
5040.375                  3.2790967150651514E17
5040.4375                 3.2469630138284813E17
5040.5                    3.2154165784400762E17
5040.5625                 3.1843395255997536E17
5040.625                  3.1537842888233453E17
5040.6875                 3.1237624685212813E17
5040.75                   3.0941679271667987E17
5040.8125                 3.0650541317926515E17
5040.875                  3.0364281776693696E17
5040.9375                 3.0081932911572499E17
5041                      2.9804032980118227E17
5041.0625                 2.9530595792466829E17
5041.125                  2.9260798129219098E17
5041.1875                 2.8995110333658163E17
5041.25                   2.87335235317984768E17
5041.3125                 2.84753329337663456E17
5041.375                  2.8220952682655408E17
5041.4375                 2.7970355114592784E17
5041.5                    2.772293480398656E17
5041.5625                 2.7479058250782672E17
5041.625                  2.72386821298511456E17
5041.6875                 2.70012857147696192E17
5041.75                   2.67671944520811072E17
5041.8125                 2.65363519150960768E17
5041.875                  2.63083103086949088E17
5041.9375                 2.60833593346652544E17
5042                      2.58614315740767168E17
5042.0625                 2.56421424520869888E17
5042.125                  2.54257503344122208E17
5042.1875                 2.52121785536925472E17
5042.25                   2.50010976150630432E17
5042.3125                 2.4792738272485472E17
5042.375                  2.45870160568343456E17
5042.4375                 2.43836496728269504E17
5042.5                    2.41828454364874912E17
5042.5625                 2.39845122830402528E17
5042.625                  2.37884112712137152E17
5042.6875                 2.3594726997596864E17
5042.75                   2.3403362813265216E17
5042.8125                 2.32141171423421024E17
5042.875                  2.30271552003839072E17
5042.9375                 2.28423756075312736E17
5043                      2.2659609876202768E17
5043.0625                 2.24790058613637728E17
5043.125                  2.23004581755428256E17
5043.1875                 2.2123827734651552E17
5043.25                   2.19492467870905472E17
5043.3125                 2.17766065535367712E17
5043.375                  2.16057941637548256E17
5043.4375                 2.1436927789577744E17
5043.5                    2.12698957858924E17
5043.5625                 2.11046087229287616E17
5043.625                  2.09411720365582272E17
5043.6875                 2.07794716668107072E17
5043.75                   2.0619439202961904E17
5043.8125                 2.04611685244541536E17
5043.875                  2.03045435443420544E17
5043.9375                 2.01495147487571968E17
5044                      1.99961655024594016E17
5044.0625                 1.9844378026503504E17
5044.125                  1.96941198372788928E17
5044.1875                 1.95454647081290848E17
5044.25                   1.93982934588225152E17
5044.3125                 1.92525889885730688E17
5044.375                  1.91084163002318688E17
5044.4375                 1.89656550662314272E17
5044.5                    1.88243021096598144E17
5044.5625                 1.8684414395054272E17
5044.625                  1.85458706713719936E17
5044.6875                 1.84086803890068352E17
5044.75                   1.82728931291633568E17
5044.8125                 1.8138386917213728E17
5044.875                  1.80051826741979776E17
5044.9375                 1.78733231856731904E17
5045                      1.7742685935160608E17
5045.0625                 1.7613302277954992E17
5045.125                  1.74852087329423968E17
5045.1875                 1.73582824110830304E17
5045.25                   1.7232564168320624E17
5045.3125                 1.71080847346980736E17
5045.375                  1.69847210112390016E17
5045.4375                 1.68625225078200096E17
5045.5                    1.6741514599100688E17
5045.5625                 1.66215741380850016E17
5045.625                  1.65027585139717888E17
5045.6875                 1.638508814134328E17
5045.75                   1.62684399925875584E17
5045.8125                 1.61528786196713504E17
5045.875                  1.60384198400786336E17
5045.9375                 1.59249409248729792E17
5046                      1.58125129167120416E17
5046.0625                 1.57011458593900736E17
5046.125                  1.55907220588111104E17
5046.1875                 1.54813138689871904E17
5046.25                   1.53729255893973984E17
5046.3125                 1.5265450178410464E17
5046.375                  1.51589552836709504E17
5046.4375                 1.5053441826867968E17
5046.5                    1.49488128645796608E17
5046.5625                 1.48451315288281856E17
5046.625                  1.47423956469082848E17
5046.6875                 1.46405178699062368E17
5046.75                   1.45395569844700896E17
5046.8125                 1.44395080059368608E17
5046.875                  1.4340292716629464E17
5046.9375                 1.42419657111017616E17
5047                      1.41445194785355184E17
5047.0625                 1.40478844990760256E17
5047.125                  1.39521113154631856E17
5047.1875                 1.38571901834845392E17
5047.25                   1.37630598667036672E17
5047.3125                 1.36697669877026928E17
5047.375                  1.35772998711737168E17
5047.4375                 1.3485605157898728E17
5047.5                    1.33947256780190432E17
5047.5625                 1.33046481382353536E17
5047.625                  1.3215326648227184E17
5047.6875                 1.31268003743070672E17
5047.75                   1.30390547287640928E17
5047.8125                 1.29520508704334672E17
5047.875                  1.28658244360704432E17
5047.9375                 1.27803598754359456E17
5048                      1.26956249576865744E17
5048.0625                 1.26116519343821536E17
5048.125                  1.25284246287527728E17
5048.1875                 1.24459169569216896E17
5048.25                   1.23641579435120816E17
5048.3125                 1.22831311190496E17
5048.375                  1.22028160561372144E17
5048.4375                 1.21232387275019856E17
5048.5                    1.204438269428328E17
5048.5625                 1.19662326686168544E17
5048.625                  1.1888811764843848E17
5048.6875                 1.18121038773129104E17
5048.75                   1.17360983185584432E17
5048.8125                 1.16608155567741232E17
5048.875                  1.15862400896144864E17
5048.9375                 1.15123652766805968E17
5049                      1.14392091696523584E17
5049.0625                 1.1366689858182136E17
5049.125                  1.12947745612234672E17
5049.1875                 1.12235116322505408E17
5049.25                   1.11529065291272704E17
5049.3125                 1.10829647181885984E17
5049.375                  1.1013691674215376E17
5049.4375                 1.09452077842140752E17
5049.5                    1.08775050675499232E17
5049.5625                 1.08105408395859888E17
5049.625                  1.07443209121574544E17
5049.6875                 1.06788511058031824E17
5049.75                   1.06141045756746096E17
5049.8125                 1.0550030864560216E17
5049.875                  1.04866895183024176E17
5049.9375                 1.04240861918260112E17
5050                      1.03622265483794816E17
5050.0625                 1.03011162595097648E17
5050.125                  1.02406984704040688E17
5050.1875                 1.01810212142966416E17
5050.25                   1.01220901927736976E17
5050.3125                 1.0063910996878896E17
5050.375                  1.00064892256895488E17
5050.4375                 9.9497931976082352E16
5050.5                    9.893831054736784E16
5050.5625                 9.8386240823195728E16
5050.625                  9.7841778045392E16
5050.6875                 9.7304977533597536E16
5050.75                   9.6775721680851712E16
5050.8125                 9.6253759476996928E16
5050.875                  9.573943659183888E16
5050.9375                 9.5232807600680768E16
5051                      9.4733927154179504E16
5051.0625                 9.424284997810968E16
5051.125                  9.375900220319016E16
5051.1875                 9.3282861035950032E16
5051.25                   9.2814483877168256E16
5051.3125                 9.2353924627644432E16
5051.375                  9.1901237260801808E16
5051.4375                 9.145452535560728E16
5051.5                    9.1013951494444544E16
5051.5625                 9.0580405687252784E16
5051.625                  9.015393668213224E16
5051.6875                 8.9734593292263056E16
5051.75                   8.9322424395698288E16
5051.8125                 8.8917478935157536E16
5051.875                  8.8519805917820496E16
5051.9375                 8.8129454415120528E16
5052                      8.7746473562539136E16
5052.0625                 8.7370912559399952E16
5052.125                  8.700359828166E16
5052.1875                 8.6643948493188944E16
5052.25                   8.6292005301049616E16
5052.3125                 8.5947818901190128E16
5052.375                  8.5611439553208096E16
5052.4375                 8.5282917580143824E16
5052.5                    8.4962303368273024E16
5052.5625                 8.4649647366900016E16
5052.625                  8.434500008815104E16
5052.6875                 8.4048412106768016E16
5052.75                   8.375842671676208E16
5052.8125                 8.347280745807944E16
5052.875                  8.3194517851526352E16
5052.9375                 8.2923604045641824E16
5053                      8.2660112245443296E16
5053.0625                 8.2404088712239568E16
5053.125                  8.215557976344392E16
5053.1875                 8.1914631772387584E16
5053.25                   8.1681291168133248E16
5053.3125                 8.1455604435288768E16
5053.375                  8.1237618113821216E16
5053.4375                 8.1022785259485904E16
5053.5                    8.0812214294882704E16
5053.5625                 8.0608200795288304E16
5053.625                  8.0410784816388976E16
5053.6875                 8.0220006461192784E16
5053.75                   8.0035905879870256E16
5053.8125                 7.9858523269594912E16
5053.875                  7.9687898874384448E16
5053.9375                 7.9524072984942128E16
5054                      7.9367085938497824E16
5054.0625                 7.9216978118649856E16
5054.125                  7.9064986892971152E16
5054.1875                 7.8918214358798864E16
5054.25                   7.8776857778133792E16
5054.3125                 7.8640949555292256E16
5054.375                  7.8510522131766832E16
5054.4375                 7.8385607986099904E16
5054.5                    7.8266239633756384E16
5054.5625                 7.815244962699768E16
5054.625                  7.80442705547548E16
5054.6875                 7.7941735042502304E16
5054.75                   7.7841969322103184E16
5054.8125                 7.774030954836328E16
5054.875                  7.7642642666759856E16
5054.9375                 7.754899253020848E16
5055                      7.7459383018591376E16
5055.0625                 7.7373838038664528E16
5055.125                  7.729238152396544E16
5055.1875                 7.7215037434720816E16
5055.25                   7.7141829757753952E16
5055.3125                 7.7072782506392912E16
5055.375                  7.7007919720378272E16
5055.4375                 7.6940976309346448E16
5055.5                    7.6873282966138704E16
5055.5625                 7.6808065855141264E16
5055.625                  7.674534016904152E16
5055.6875                 7.6685121117767312E16
5055.75                   7.6627423928427552E16
5055.8125                 7.6572263845253376E16
5055.875                  7.6519656129539376E16
5055.9375                 7.6469616059584736E16
5056                      7.642215893063448E16
5056.0625                 7.6377300054820752E16
5056.125                  7.6325832497409568E16
5056.1875                 7.6275075463805472E16
5056.25                   7.6225287766668368E16
5056.3125                 7.6176476481456528E16
5056.375                  7.6128648692383408E16
5056.4375                 7.608181149238888E16
5056.5                    7.603597198311056E16
5056.5625                 7.599113727485496E16
5056.625                  7.5947314486569312E16
5056.6875                 7.5904510745812704E16
5056.75                   7.5860396799492448E16
5056.8125                 7.581096039081464E16
5056.875                  7.5761117217990496E16
5056.9375                 7.5710867339107216E16
5057                      7.566021081418664E16
5057.0625                 7.560914770518176E16
5057.125                  7.5557678075973312E16
5057.1875                 7.5505801992366256E16
5057.25                   7.5453519522086288E16
5057.3125                 7.5400830734776336E16
5057.375                  7.5347735701993264E16
5057.4375                 7.5290226538711936E16
5057.5                    7.522903954828672E16
5057.5625                 7.5166296021679264E16
5057.625                  7.5101990468716528E16
5057.6875                 7.5036117396154256E16
5057.75                   7.496867130769264E16
5057.8125                 7.489964670399216E16
5057.875                  7.4829038082688848E16
5057.9375                 7.475683993841032E16
5058                      7.4683046762791056E16
5058.0625                 7.4607653044488112E16
5058.125                  7.452618255776928E16
5058.1875                 7.4442124033448992E16
5058.25                   7.4355629089273824E16
5058.3125                 7.426668829026632E16
5058.375                  7.4175292195166688E16
5058.4375                 7.4081431356461328E16
5058.5                    7.398509632041136E16
5058.5625                 7.3886277627081168E16
5058.625                  7.3784965810367072E16
5058.6875                 7.3681151398025344E16
5058.75                   7.3574056715097664E16
5058.8125                 7.3462265572067584E16
5058.875                  7.3347453036318608E16
5058.9375                 7.3229607293008976E16
5059                      7.3108716519346784E16
5059.0625                 7.2984768884625536E16
5059.125                  7.2857752550260016E16
5059.1875                 7.2727655669821952E16
5059.25                   7.2594466389076016E16
5059.3125                 7.2458172846015056E16
5059.375                  7.231876317089576E16
5059.4375                 7.217554426557128E16
5059.5                    7.2028612509875064E16
5059.5625                 7.187833063798872E16
5059.625                  7.172468582456828E16
5059.6875                 7.1567665235956024E16
5059.75                   7.1407256030218456E16
5059.8125                 7.124344535718452E16
5059.875                  7.107622035848372E16
5059.9375                 7.0905568167584232E16
5060                      7.0731475909830504E16
5060.0625                 7.0553930702481504E16
5060.125                  7.0373160184917016E16
5060.1875                 7.0188966012201704E16
5060.25                   7.0001324679731224E16
5060.3125                 6.9810223477498712E16
5060.375                  6.9615649687761704E16
5060.4375                 6.9417590585078952E16
5060.5                    6.9216033436347304E16
5060.5625                 6.9010965500838312E16
5060.625                  6.8802374030234744E16
5060.6875                 6.859024626866732E16
5060.75                   6.8374922005104192E16
5060.8125                 6.8157075596976712E16
5060.875                  6.7935886704079656E16
5060.9375                 6.7711343598525208E16
5061                      6.7483434545868552E16
5061.0625                 6.725214780514056E16
5061.125                  6.7017471628880608E16
5061.1875                 6.6779394263169144E16
5061.25                   6.653790394766024E16
5061.3125                 6.6292988915614224E16
5061.375                  6.6044637393930048E16
5061.4375                 6.5794087324936304E16
5061.5                    6.5541160167741312E16
5061.5625                 6.5285130269652352E16
5061.625                  6.5025987492235976E16
5061.6875                 6.4763721692094488E16
5061.75                   6.4498322720892744E16
5061.8125                 6.4229780425385208E16
5061.875                  6.3958084647442472E16
5061.9375                 6.3683225224078208E16
5062                      6.3405191987475704E16
5062.0625                 6.3123974765014392E16
5062.125                  6.2842040361718784E16
5062.1875                 6.2557495633840848E16
5062.25                   6.2270198770765072E16
5062.3125                 6.198014163282096E16
5062.375                  6.1687316077145408E16
5062.4375                 6.139171395770232E16
5062.5                    6.10933271253028E16
5062.5625                 6.079214742762496E16
5062.625                  6.0488166709233896E16
5062.6875                 6.0181376811601328E16
5062.75                   5.9872531360793712E16
5062.8125                 5.9563202540354824E16
5062.875                  5.9251557928175616E16
5062.9375                 5.8937591629966408E16
5063                      5.862129775003808E16
5063.0625                 5.8302670391314336E16
5063.125                  5.7981703655344728E16
5063.1875                 5.7658391642316968E16
5063.25                   5.7332728451069768E16
5063.3125                 5.7004708179105072E16
5063.375                  5.6674324922600832E16
5063.4375                 5.6343398618904032E16
5063.5                    5.601172767149336E16
5063.5625                 5.5678223228949792E16
5063.625                  5.5342881756265808E16
5063.6875                 5.5005699718781224E16
5063.75                   5.466667358218816E16
5063.8125                 5.4325799812536368E16
5063.875                  5.3983074876238624E16
5063.9375                 5.3638495240075704E16
5064                      5.329205737120164E16
5064.0625                 5.2943757737149048E16
5064.125                  5.2596531193396536E16
5064.1875                 5.2248172871157936E16
5064.25                   5.1898495917670632E16
5064.3125                 5.1547499173221768E16
5064.375                  5.119518148005672E16
5064.4375                 5.0841541682377136E16
5064.5                    5.0486578626339032E16
5064.5625                 5.0130291160050968E16
5064.625                  4.9772678133572096E16
5064.6875                 4.94137383989104E16
5064.75                   4.9054237664348864E16
5064.8125                 4.8695868381697656E16
5064.875                  4.833670784562872E16
5064.9375                 4.7976757202111304E16
5065                      4.76160176005096E16
5065.0625                 4.7254490193574392E16
5065.125                  4.6892176137434408E16
5065.1875                 4.6529076591587952E16
5065.25                   4.6165192718894256E16
5065.3125                 4.5800525685565248E16
5065.375                  4.5435076661156616E16
5065.4375                 4.5070523399287232E16
5065.5                    4.4706732737141176E16
5065.5625                 4.4342673624026384E16
5065.625                  4.3978349378786152E16
5065.6875                 4.361376332487976E16
5065.75                   4.3248918790368144E16
5065.8125                 4.2883819107899296E16
5065.875                  4.2518467614693968E16
5065.9375                 4.2152867652531152E16
5066                      4.1787022567733632E16
5066.0625                 4.1420935711153632E16
5066.125                  4.1057064150342272E16
5066.1875                 4.069360058360544E16
5066.25                   4.0330372163347808E16
5066.3125                 3.996738418872828E16
5066.375                  3.960464196451072E16
5066.4375                 3.9242150801044376E16
5066.5                    3.88799160142442E16
5066.5625                 3.851794292557136E16
5066.625                  3.8156236862013552E16
5066.6875                 3.7794803156065512E16
5066.75                   3.7434210647585944E16
5066.8125                 3.7075789927792392E16
5066.875                  3.671806740126152E16
5066.9375                 3.6361050101320288E16
5067                      3.60047450676742E16
5067.0625                 3.564915934638302E16
5067.125                  3.529429998983704E16
5067.1875                 3.4940174056733224E16
5067.25                   3.4586788612051252E16
5067.3125                 3.423415072702986E16
5067.375                  3.3882267479142908E16
5067.4375                 3.353226286399178E16
5067.5                    3.3184085618686672E16
5067.5625                 3.2837029229604584E16
5067.625                  3.2491102194436668E16
5067.6875                 3.2146313017767976E16
5067.75                   3.1802670211050088E16
5067.8125                 3.1460182292573884E16
5067.875                  3.1118857787442404E16
5067.9375                 3.0778705227543604E16
5068                      3.0439733151523344E16
5068.0625                 3.01019501047583E16
5068.125                  2.9766786038476972E16
5068.1875                 2.9433216914459016E16
5068.25                   2.9101135565127E16
5068.3125                 2.8770551653432672E16
5068.375                  2.8441474849509768E16
5068.4375                 2.8113914830644336E16
5068.5                    2.7787881281245208E16
5068.5625                 2.7463383892814364E16
5068.625                  2.7140432363917456E16
5068.6875                 2.6819036400154332E16
5068.75                   2.6499466302252624E16
5068.8125                 2.61823846837856E16
5068.875                  2.5867084159868716E16
5068.9375                 2.5553575241383432E16
5069                      2.5241868446503608E16
5069.0625                 2.4931974300664368E16
5069.125                  2.4623903336530928E16
5069.1875                 2.4317666093967616E16
5069.25                   2.4013273120006816E16
5069.3125                 2.3710734968818008E16
5069.375                  2.3410062201676904E16
5069.4375                 2.311164733226902E16
5069.5                    2.2815491962583236E16
5069.5625                 2.2521353497375228E16
5069.625                  2.2229242994448232E16
5069.6875                 2.193917151879314E16
5069.75                   2.1651150142556704E16
5069.8125                 2.1365189945009884E16
5069.875                  2.1081302012516148E16
5069.9375                 2.079949743849998E16
5070                      2.0519787323415264E16
5070.0625                 2.0242182774713956E16
5070.125                  1.9966927978961644E16
5070.1875                 1.9693867464059768E16
5070.25                   1.9422991098315552E16
5070.3125                 1.9154310191500312E16
5070.375                  1.8887836060311352E16
5070.4375                 1.8623580028340436E16
5070.5                    1.8361553426042288E16
5070.5625                 1.810176759070322E16
5070.625                  1.7844233866409704E16
5070.6875                 1.7588963604017146E16
5070.75                   1.7335936744640594E16
5070.8125                 1.7085080750929316E16
5070.875                  1.6836497747961384E16
5070.9375                 1.6590199019328664E16
5071                      1.6346195855192326E16
5071.0625                 1.610449955225213E16
5071.125                  1.5865121413715824E16
5071.1875                 1.5628072749268538E16
5071.25                   1.5393364875042222E16
5071.3125                 1.5161009113585188E16
5071.375                  1.4931016793831738E16
5071.4375                 1.4703125478275306E16
5071.5                    1.4477344820504582E16
5071.5625                 1.4253874403927492E16
5071.625                  1.4032725252888926E16
5071.6875                 1.3813908397820138E16
5071.75                   1.3597434875209544E16
5071.8125                 1.3383315727573486E16
5071.875                  1.3171562003427136E16
5071.9375                 1.2962184757255392E16
5072                      1.2755195049483858E16
5072.0625                 1.2550603946449874E16
5072.125                  1.2347702023250238E16
5072.1875                 1.2147006753314064E16
5072.25                   1.1948602136970312E16
5072.3125                 1.1752498736484382E16
5072.375                  1.1558707119661316E16
5072.4375                 1.136723785981844E16
5072.5                    1.1178101535758088E16
5072.5625                 1.0991308731740314E16
5072.625                  1.080687003745573E16
5072.6875                 1.0624796047998358E16
5072.75                   1.04448701631214E16
5072.8125                 1.0266455776956094E16
5072.875                  1.0090253329118968E16
5072.9375                 9.916272752522252E15
5073                      9.744523985060974E15
5073.0625                 9.575016969587748E15
5073.125                  9.407761653887596E15
5073.1875                 9.242767990652914E15
5073.25                   9.080045937458378E15
5073.3125                 8.919605456735952E15
5073.375                  8.761456515749972E15
5073.4375                 8.604935424538774E15
5073.5                    8.450027384411027E15
5073.5625                 8.297222725779802E15
5073.625                  8.146530637038805E15
5073.6875                 7.997960310969874E15
5073.75                   7.851520944720193E15
5073.8125                 7.707221739779556E15
5073.875                  7.565071901957656E15
5073.9375                 7.425080641361455E15
5074                      7.28725717237255E15
5074.0625                 7.151610713624638E15
5074.125                  7.016932217461661E15
5074.1875                 6.884072330398296E15
5074.25                   6.753175984409437E15
5074.3125                 6.624251543052497E15
5074.375                  6.497307373689226E15
5074.4375                 6.372351847465429E15
5074.5                    6.249393339290716E15
5074.5625                 6.128440227818288E15
5074.625                  6.009500895424777E15
5074.6875                 5.892583728190103E15
5074.75                   5.777431612022797E15
5074.8125                 5.663245531133198E15
5074.875                  5.5508823213399E15
5074.9375                 5.440349578761047E15
5075                      5.331654902819309E15
5075.0625                 5.22480589622378E15
5075.125                  5.119810164951979E15
5075.1875                 5.016675318231833E15
5075.25                   4.91540896852373E15
5075.3125                 4.816018731502584E15
5075.375                  4.71770085790787E15
5075.4375                 4.620562766212375E15
5075.5                    4.525062586029197E15
5075.5625                 4.4312070190979035E15
5075.625                  4.339002769952322E15
5075.6875                 4.248456545904926E15
5075.75                   4.1595750570311815E15
5075.8125                 4.0723650161539955E15
5075.875                  3.9868331388281455E15
5075.9375                 3.9029707604174175E15
5076                      3.8197219569338255E15
5076.0625                 3.737962991258627E15
5076.125                  3.6576998554220645E15
5076.1875                 3.578938543855206E15
5076.25                   3.5016850533762065E15
5076.3125                 3.4259453831765715E15
5076.375                  3.351725534807471E15
5076.4375                 3.2790315121660675E15
5076.5                    3.207497270163656E15
5076.5625                 3.1367222448323305E15
5076.625                  3.0672666604092215E15
5076.6875                 2.9991357465461765E15
5076.75                   2.932334734911815E15
5076.8125                 2.866868859179733E15
5076.875                  2.8027433550167005E15
5076.9375                 2.739963460070931E15
5077                      2.6785344139603125E15
5077.0625                 2.617810935731033E15
5077.125                  2.558042732033898E15
5077.1875                 2.499448249020058E15
5077.25                   2.442032067256832E15
5077.3125                 2.3857987690087455E15
5077.375                  2.3307529382273705E15
5077.4375                 2.2768991605411605E15
5077.5                    2.2242420232453252E15
5077.5625                 2.1727183115213922E15
5077.625                  2.1216039231861108E15
5077.6875                 2.0715217123052312E15
5077.75                   2.0224756605233815E15
5077.8125                 1.9744697509110582E15
5077.875                  1.927507967955903E15
5077.9375                 1.881594297554005E15
5078                      1.8367327270012145E15
5078.0625                 1.79292724498449E15
5078.125                  1.7498832901288682E15
5078.1875                 1.707424698703325E15
5078.25                   1.665884714711454E15
5078.3125                 1.6252668238877532E15
5078.375                  1.5855745131625958E15
5078.4375                 1.546811270654728E15
5078.5                    1.5089805856637808E15
5078.5625                 1.4720859486628018E15
5078.625                  1.4357084233196705E15
5078.6875                 1.3999374896941708E15
5078.75                   1.3649612118119895E15
5078.8125                 1.3307825719431122E15
5078.875                  1.2974045533454365E15
5078.9375                 1.2648301402584485E15
5079                      1.2330623178969025E15
5079.0625                 1.2021040724445245E15
5079.125                  1.171479295295615E15
5079.1875                 1.1414919155320732E15
5079.25                   1.1121970444763625E15
5079.3125                 1.083597250071484E15
5079.375                  1.0556951010802895E15
5079.4375                 1.028493167080097E15
5079.5                    1.0019940184573414E15
5079.5625                 9.761556730373251E14
5079.625                  9.50613034643242E14
5079.6875                 9.256782756703831E14
5079.75                   9.01353627819092E14
5079.8125                 8.776413234794974E14
5079.875                  8.545435957268978E14
5079.9375                 8.320626783171652E14
5080                      8.101612591882409E14
5080.0625                 7.885084603826856E14
5080.125                  7.67377894434726E14
5080.1875                 7.467714623919264E14
5080.25                   7.266910658713824E14
5080.3125                 7.071386070558374E14
5080.375                  6.881159886898122E14
5080.4375                 6.695928962966409E14
5080.5                    6.512987965133658E14
5080.5625                 6.334574746396951E14
5080.625                  6.160705633908981E14
5080.6875                 5.991396959554982E14
5080.75                   5.826665059919804E14
5080.8125                 5.666526276255042E14
5080.875                  5.51071323059106E14
5080.9375                 5.356833709849036E14
5081                      5.2068650983196256E14
5081.0625                 5.0608213667884E14
5081.125                  4.9187164899564306E14
5081.1875                 4.7805644464124544E14
5081.25                   4.646379218605122E14
5081.3125                 4.515924693754564E14
5081.375                  4.387083437098049E14
5081.4375                 4.2616043187173875E14
5081.5                    4.139499238038419E14
5081.5625                 4.020780097709674E14
5081.625                  3.905458803578978E14
5081.6875                 3.793547264670074E14
5081.75                   3.6848559878617125E14
5081.8125                 3.57767371550013E14
5081.875                  3.473414533442969E14
5081.9375                 3.372088679486498E14
5082                      3.273706394099895E14
5082.0625                 3.178277920405361E14
5082.125                  3.085813504158277E14
5082.1875                 2.9948893236460394E14
5082.25                   2.9061569758342556E14
5082.3125                 2.819915115631264E14
5082.375                  2.736172385738337E14
5082.4375                 2.6549374310339016E14
5082.5                    2.5762188985569594E14
5082.5625                 2.4993303732035034E14
5082.625                  2.4239999820891253E14
5082.6875                 2.350806460574663E14
5082.75                   2.279757173546443E14
5082.8125                 2.2108594876914888E14
5082.875                  2.1441207714835572E14
5082.9375                 2.0793115632027547E14
5083                      2.0155656682777112E14
5083.0625                 1.9536485573735316E14
5083.125                  1.893566490401982E14
5083.1875                 1.8353257287594578E14
5083.25                   1.7789325353152134E14
5083.3125                 1.7243931743996178E14
5083.375                  1.670718184365117E14
5083.4375                 1.61851641747946E14
5083.5                    1.567879583854886E14
5083.5625                 1.5188129870186128E14
5083.625                  1.4713219317071003E14
5083.6875                 1.4254117238562066E14
5083.75                   1.3805322070245303E14
5083.8125                 1.3366717116881553E14
5083.875                  1.294140599444986E14
5083.9375                 1.2529433452829623E14
5084                      1.2130844251784692E14
5084.0625                 1.1745683160881164E14
5084.125                  1.1371852221061395E14
5084.1875                 1.1005330036943878E14
5084.25                   1.0650241106156553E14
5084.3125                 1.0306623616053095E14
5084.375                  9.974515762138614E13
5084.4375                 9.653955748000238E13
5084.5                    9.34097647056598E13
5084.5625                 9.035699998613833E13
5084.625                  8.740073162806177E13
5084.6875                 8.454127975037088E13
5084.75                   8.177896453809953E13
5084.8125                 7.911410624179942E13
5084.875                  7.649616362335483E13
5084.9375                 7.395888329960489E13
5085                      7.150400130529756E13
5085.0625                 6.9131788928024195E13
5085.125                  6.6842517509435984E13
5085.1875                 6.4624403639399805E13
5085.25                   6.245233590635228E13
5085.3125                 6.035028437284904E13
5085.375                  5.8318478521848664E13
5085.4375                 5.635714788081789E13
5085.5                    5.446652202132657E13
5085.5625                 5.262367398236804E13
5085.625                  5.082857283558514E13
5085.6875                 4.90930082757384E13
5085.75                   4.7417173965559734E13
5085.8125                 4.580126360397428E13
5085.875                  4.4245470925762E13
5085.9375                 4.271793640535439E13
5086                      4.123947088306907E13
5086.0625                 3.98114793452603E13
5086.125                  3.8434124745121836E13
5086.1875                 3.7107570065165125E13
5086.25                   3.582457724343915E13
5086.3125                 3.4568609801930883E13
5086.375                  3.3355161570695535E13
5086.4375                 3.2184369214726645E13
5086.5                    3.1056369422903754E13
5086.5625                 2.9971298907757973E13
5086.625                  2.8914882978252094E13
5086.6875                 2.7886616062930867E13
5086.75                   2.6894167682782492E13
5086.8125                 2.5937652114625566E13
5086.875                  2.50171836544731E13
5086.9375                 2.4132876617338945E13
5087                      2.3266503348419594E13
5087.0625                 2.242971353212158E13
5087.125                  2.162350124680728E13
5087.1875                 2.0847963237714695E13
5087.25                   2.0103196265649566E13
5087.3125                 1.937565842825729E13
5087.375                  1.8671477170061105E13
5087.4375                 1.799285653997467E13
5087.5                    1.7339877047541564E13
5087.5625                 1.6712619214857434E13
5087.625                  1.6101920768030004E13
5087.6875                 1.551009126804089E13
5087.75                   1.4939902297103305E13
5087.8125                 1.43914216638719E13
5087.875                  1.3864717187220738E13
5087.9375                 1.3353217695168178E13
5088                      1.2856828622452201E13
5088.0625                 1.237874582640082E13
5088.125                  1.1919026368086129E13
5088.1875                 1.1477727316884967E13
5088.25                   1.1050245710944496E13
5088.3125                 1.0634810748132959E13
5088.375                  1.0234833326809973E13
5088.4375                 9.850361376542115E12
5088.5                    9.481442833626002E12
5088.5625                 9.124978393763447E12
5088.625                  8.7780705835378955E12
5088.6875                 8.444185698326924E12
5088.75                   8.12336390825589E12
5088.8125                 7.815645388886672E12
5088.875                  7.519071594003256E12
5088.9375                 7.230040255706199E12
5089                      6.951954265256157E12
5089.0625                 6.684847209345009E12
5089.125                  6.42875267904132E12
5089.1875                 6.182565312822284E12
5089.25                   5.942299659921112E12
5089.3125                 5.711210435598886E12
5089.375                  5.489325653323169E12
5089.4375                 5.276673330072594E12
5089.5                    5.072773524067349E12
5089.5625                 4.873498312639025E12
5089.625                  4.681897250699676E12
5089.6875                 4.497993645534313E12
5089.75                   4.321810807234393E12
5089.8125                 4.153319475761823E12
5089.875                  3.9887396267599536E12
5089.9375                 3.8306677233103936E12
5090                      3.6791234132568965E12
