0.1                       0
0.2                       2.2265113066388545E-37
0.30000000000000004       8.960742443941143E-26
0.4                       2.392231320978299E-14
0.5                       4.9519778426989955E-8
0.6                       1.005566517220705E-4
0.7000000000000001        0.012795105044561054
0.8                       0.8148930055980197
0.9                       21.69454529665459
1                         2001.41493219142
1.1                       24992.6929939642
1.2000000000000002        183026.30941850622
1.3000000000000003        1050463.8752761865
1.4000000000000001        5105640.240321572
1.5000000000000002        2.0002304747525573E7
1.6                       6.871440996266128E7
1.7000000000000002        2.5389342599746236E8
1.8000000000000003        8.255329635128305E8
1.9000000000000001        2.4173614662289047E9
2                         5.678371824410542E9
2.1                       1.2241236280080305E10
2.2                       2.5438034724777157E10
2.3000000000000003        4.8020024565018364E10
2.4000000000000004        8.643913254174127E10
2.5000000000000004        1.513789256456049E11
2.6                       2.5061801176302045E11
2.7                       4.01748220584415E11
2.8000000000000003        6.299402525252666E11
2.9000000000000004        9.518887994867938E11
3.0000000000000004        1.4044201622962205E12
3.1                       2.0348859673810059E12
3.2                       2.8724178513615054E12
3.3000000000000003        3.980233015955308E12
3.4000000000000004        5.530238365773136E12
3.5000000000000004        7.531232538590319E12
3.6                       9.96736207643789E12
3.7                       1.3109197135830115E13
3.8000000000000003        1.6872047913754633E13
3.9000000000000004        2.1301503800831098E13
4                         2.6807236395442473E13
4.1                       3.3179931153597297E13
4.2                       4.065417418705425E13
4.3                       4.946361555704468E13
4.3999999999999995        5.944068748435574E13
4.5                       7.103327154614955E13
4.6                       8.419905866332366E13
4.7                       9.890123367939136E13
4.8                       1.156897123602183E14
4.9                       1.3429826245117531E14
5                         1.5492743720896494E14
5.1                       1.7789718029520612E14
5.2                       2.0300720889235216E14
5.3                       2.3061605047292544E14
5.4                       2.6076629528775656E14
5.5                       2.933615825499754E14
5.6                       3.2915384968395756E14
5.7                       3.6779571857292094E14
5.8                       4.0928718921686494E14
5.9                       4.536282616157901E14
6                         5.008189357696958E14
6.1                       5.512267868140445E14
6.2                       6.048657548349212E14
6.3                       6.615505041863884E14
6.4                       7.212810348684472E14
6.5                       7.840573468810966E14
6.6                       8.49997732468876E14
6.7                       9.194855644551352E14
6.8                       9.922000348119262E14
6.9                       1.0681411435392501E15
7                         1.1473088906371055E15
7.1                       1.2297032761054932E15
7.2                       1.3154220654260942E15
7.3                       1.4044201337351942E15
7.4                       1.4966820937993122E15
7.5                       1.5922079456184462E15
7.6                       1.690997689192598E15
7.7                       1.7929262748911145E15
7.8                       1.89789811248289E15
7.9                       2.0060390512399128E15
8                         2.1173490911621805E15
8.1                       2.2318282322496938E15
8.2                       2.3494431644912195E15
8.3                       2.4696094126801355E15
8.4                       2.592744816961526E15
8.5                       2.718849377335392E15
8.6                       2.847923093801735E15
8.7                       2.9799659663605535E15
8.8                       3.1144209552765265E15
8.9                       3.2513425487224045E15
9                         3.390959209222775E15
9.1                       3.5332709367776385E15
9.2                       3.678277731386994E15
9.3                       3.8257261812079055E15
9.4                       3.97501418550128E15
9.5                       4.1266781749731845E15
9.6                       4.280718149623619E15
9.700000000000001         4.437134109452588E15
9.8                       4.595926054460083E15
9.9                       4.756145269389866E15
10                        4.91830185559057E15
10.1                      5.082494799447144E15
10.200000000000001        5.248724100959587E15
10.3                      5.416989760127899E15
10.4                      5.586431121584615E15
10.5                      5.756606149001225E15
10.6                      5.928231951440704E15
10.700000000000001        6.101308528903055E15
10.8                      6.275835881388272E15
10.9                      6.451814008896357E15
11                        6.629242911427314E15
11.1                      6.808122588981137E15
11.200000000000001        6.988453041557831E15
11.3                      7.170234269157393E15
11.4                      7.353466271779825E15
11.5                      7.536541042770833E15
11.6                      7.720100728619876E15
11.700000000000001        7.9047217166938E15
11.8                      8.090404006992596E15
11.9                      8.277147599516269E15
12                        8.464952494264816E15
12.1                      8.653818691238242E15
12.200000000000001        8.843746190436547E15
12.3                      9.034734991859724E15
12.4                      9.226785095507778E15
12.5                      9.419896501380708E15
12.6                      9.611323752843786E15
12.700000000000001        9.803143635663846E15
12.8                      9.995524771397912E15
12.9                      1.0188467160045986E16
13                        1.0381970801608072E16
13.1                      1.0576035696084168E16
13.200000000000001        1.077066184347428E16
13.3                      1.0965849243778396E16
13.4                      1.1161597896996522E16
13.5                      1.135790780312866E16
13.6                      1.1554422356301038E16
13.700000000000001        1.1749328277339892E16
13.8                      1.1944377612687688E16
13.9                      1.2139570362344426E16
14                        1.2334906526310112E16
14.1                      1.2530386104584736E16
14.200000000000001        1.272600909716831E16
14.3                      1.292177550406082E16
14.4                      1.311768532526228E16
14.5                      1.3313738560772682E16
14.6                      1.3509935210592024E16
14.700000000000001        1.3705592938227802E16
14.8                      1.3900032883911604E16
14.9                      1.409429009070497E16
15                        1.42883645586079E16
15.1                      1.4482256287620392E16
15.200000000000001        1.4675965277742454E16
15.3                      1.4869491528974068E16
15.4                      1.5062835041315242E16
15.5                      1.5255995814765986E16
15.6                      1.5448973849326286E16
15.700000000000001        1.564176914499615E16
15.8                      1.5833566770449896E16
15.9                      1.6024432512918418E16
16                        1.6214874316216976E16
16.1                      1.640489218034558E16
16.200000000000003        1.6594486105304226E16
16.3                      1.6783656091092902E16
16.400000000000002        1.6972402137711628E16
16.500000000000004        1.7160724245160392E16
16.6                      1.7348622413439192E16
16.700000000000003        1.7536096642548044E16
16.8                      1.7723146932486922E16
16.900000000000002        1.790864484642187E16
17.000000000000004        1.8093242287044368E16
17.1                      1.8277176367099696E16
17.200000000000003        1.8460447086587868E16
17.3                      1.8643054445508872E16
17.400000000000002        1.8824998443862724E16
17.500000000000004        1.9006279081649416E16
17.6                      1.918689635886894E16
17.700000000000003        1.9366850275521308E16
17.8                      1.9546140831606512E16
17.900000000000002        1.972476802712456E16
18.000000000000004        1.9902731862075448E16
18.1                      2.0080032336459164E16
18.200000000000003        2.0256669450275732E16
18.3                      2.0432643203525132E16
18.400000000000002        2.0607953596207376E16
18.500000000000004        2.078260062832246E16
18.6                      2.0956584299870372E16
18.700000000000003        2.1129904610851136E16
18.8                      2.1302561561264728E16
18.900000000000002        2.1474555151111172E16
19.000000000000004        2.1645686793217176E16
19.1                      2.1815517150210612E16
19.200000000000003        2.1984611608488792E16
19.300000000000004        2.2152970168051712E16
19.400000000000002        2.2320592828899372E16
19.500000000000004        2.2487479591031776E16
19.6                      2.2653630454448924E16
19.700000000000003        2.2819045419150812E16
19.800000000000004        2.298372448513744E16
19.900000000000002        2.3147667652408804E16
20.000000000000004        2.331087492096492E16
20.1                      2.3473346290805764E16
20.200000000000003        2.3635081761931368E16
20.300000000000004        2.3796081334341712E16
20.400000000000002        2.3956345008036776E16
20.500000000000004        2.4115872783016608E16
20.6                      2.427466465928116E16
20.700000000000003        2.4432720636830464E16
20.800000000000004        2.4590040715664512E16
20.900000000000002        2.4746624895783292E16
21.000000000000004        2.4902473177186824E16
21.1                      2.5057585559875092E16
21.200000000000003        2.5211554262219612E16
21.300000000000004        2.53645580711879E16
21.400000000000002        2.5516772783773908E16
21.500000000000004        2.5668198399977652E16
21.6                      2.5818834919799112E16
21.700000000000003        2.5968682343238304E16
21.800000000000004        2.6117740670295216E16
21.900000000000002        2.626600990096986E16
22.000000000000004        2.6413490035262232E16
22.1                      2.6560181073172316E16
22.200000000000003        2.670608301470014E16
22.300000000000004        2.6851195859845684E16
22.400000000000002        2.6995519608608956E16
22.500000000000004        2.7139054260989952E16
22.6                      2.7281799816988676E16
22.700000000000003        2.7423756276605128E16
22.800000000000004        2.7564923639839296E16
22.900000000000002        2.77053019066912E16
23.000000000000004        2.7844891077160828E16
23.1                      2.798369115124818E16
23.200000000000003        2.8121702128953256E16
23.300000000000004        2.8258993850259092E16
23.400000000000002        2.8396005253554888E16
23.500000000000004        2.8532278280945252E16
23.6                      2.8667812932430152E16
23.700000000000003        2.8802609208009644E16
23.800000000000004        2.8936667107683676E16
23.900000000000002        2.9069986631452272E16
24.000000000000004        2.9202567779315424E16
24.1                      2.933441055127314E16
24.200000000000003        2.946551494732542E16
24.300000000000004        2.959588096747226E16
24.400000000000002        2.9725508611713648E16
24.500000000000004        2.9854397880049608E16
24.6                      2.9982548772480112E16
24.700000000000003        3.0109961289005184E16
24.800000000000004        3.0236635429624824E16
24.900000000000002        3.0362571194339008E16
25.000000000000004        3.0487768583147768E16
25.1                      3.0612227596051076E16
25.200000000000003        3.0735948233048952E16
25.300000000000004        3.085893049414138E16
25.400000000000002        3.0981174379328372E16
25.500000000000004        3.1102679888609924E16
25.6                      3.1223447021986024E16
25.700000000000003        3.13434757794567E16
25.800000000000004        3.1462766161021928E16
25.900000000000002        3.1581318166681716E16
26.000000000000004        3.1699131796436072E16
26.1                      3.1816207050284972E16
26.200000000000003        3.1932543928228448E16
26.300000000000004        3.2048142430266468E16
26.400000000000002        3.2163002556399064E16
26.500000000000004        3.2277124306626208E16
26.6                      3.2390507680947916E16
26.700000000000003        3.2503152679364176E16
26.800000000000004        3.2615059301875E16
26.900000000000002        3.2726227548480384E16
27.000000000000004        3.2836657419180332E16
27.1                      3.2946348913974836E16
27.200000000000003        3.30553020328639E16
27.300000000000004        3.3163516775847528E16
27.400000000000002        3.3270993142925712E16
27.500000000000004        3.3377731134098456E16
27.6                      3.3483735610726E16
27.700000000000003        3.359069366912966E16
27.800000000000004        3.3696990252725072E16
27.900000000000002        3.3802625361512228E16
28.000000000000004        3.3907598995491124E16
28.1                      3.4011911154661772E16
28.200000000000003        3.4115561839024172E16
28.300000000000004        3.421855104857832E16
28.400000000000002        3.4320878783324212E16
28.500000000000004        3.4422545043261852E16
28.6                      3.4523549828391236E16
28.700000000000003        3.4623893138712384E16
28.800000000000004        3.4723574974225272E16
28.900000000000002        3.4822595334929904E16
29.000000000000004        3.4920954220826284E16
29.1                      3.5018651631914412E16
29.200000000000003        3.5115687568194288E16
29.300000000000004        3.5212062029665924E16
29.400000000000002        3.5307775016329288E16
29.500000000000004        3.5402826528184408E16
29.6                      3.5497216565231276E16
29.700000000000003        3.55909451274699E16
29.800000000000004        3.5684012214900264E16
29.900000000000002        3.5776417827522376E16
30.000000000000004        3.586816196533624E16
30.1                      3.5959244628341852E16
30.200000000000003        3.6049665816539208E16
30.300000000000004        3.6139425529928312E16
30.400000000000002        3.6228523768509168E16
30.500000000000004        3.6316960532281776E16
30.6                      3.6404735821246112E16
30.700000000000003        3.6491849635402216E16
30.800000000000004        3.6578301974750056E16
30.900000000000002        3.6664092839289648E16
31.000000000000004        3.6749222229021E16
31.1                      3.6833690143944088E16
31.200000000000003        3.6917496584058936E16
31.300000000000004        3.7000641549365504E16
31.400000000000002        3.708312503986384E16
31.500000000000004        3.7165388598016008E16
31.6                      3.7248927822796216E16
31.700000000000003        3.7331923932250976E16
31.800000000000004        3.741437692638028E16
31.900000000000002        3.7496286805184128E16
32                        3.7577653568662488E16
32.1                      3.7658477216815408E16
32.2                      3.7738757749642864E16
32.300000000000004        3.7818495167144856E16
32.400000000000006        3.78976894693214E16
32.5                      3.7976340656172456E16
32.6                      3.8054448727698064E16
32.7                      3.8132013683898216E16
32.800000000000004        3.8209035524772912E16
32.900000000000006        3.8285514250322136E16
33                        3.8361449860545896E16
33.1                      3.84368423554442E16
33.2                      3.851169173501704E16
33.300000000000004        3.8585997999264416E16
33.400000000000006        3.8659761148186344E16
33.5                      3.87329811817828E16
33.6                      3.88056581000538E16
33.7                      3.8877791902999344E16
33.800000000000004        3.8949382590619416E16
33.900000000000006        3.9020430162914032E16
34                        3.9090934619883184E16
34.1                      3.9160895961526872E16
34.2                      3.9230314187845104E16
34.300000000000004        3.9299189298837872E16
34.400000000000006        3.9367521294505176E16
34.5                      3.9435310174847024E16
34.6                      3.9502555939863424E16
34.7                      3.9569258589554344E16
34.800000000000004        3.9635418123919808E16
34.900000000000006        3.9701034542959816E16
35                        3.9766107846674344E16
35.1                      3.9830638035063432E16
35.2                      3.989462510812704E16
35.300000000000004        3.9958069065865208E16
35.400000000000006        4.002179151591096E16
35.5                      4.0086389503489072E16
35.6                      4.0150554812416744E16
35.7                      4.0214287442693984E16
35.800000000000004        4.0277587394320768E16
35.900000000000006        4.0340454667297104E16
36                        4.0402889261623E16
36.1                      4.0464891177298448E16
36.2                      4.0526460414323448E16
36.300000000000004        4.0587596972698024E16
36.400000000000006        4.0648300852422144E16
36.5                      4.0708572053495816E16
36.6                      4.0768410575919048E16
36.7                      4.0827816419691824E16
36.800000000000004        4.0886789584814176E16
36.900000000000006        4.0945330071286072E16
37                        4.100343787910752E16
37.1                      4.1061113008278528E16
37.2                      4.1118355458799088E16
37.300000000000004        4.11751652306692E16
37.400000000000006        4.1231542323888888E16
37.5                      4.1287486738458112E16
37.6                      4.1342998474376896E16
37.7                      4.139807753164524E16
37.800000000000004        4.1452723910263128E16
37.900000000000006        4.1506937610230584E16
38                        4.1560718631547592E16
38.1                      4.161406697421416E16
38.2                      4.1666982638230272E16
38.300000000000004        4.1719465623595952E16
38.400000000000006        4.1771515930311184E16
38.50000000000001         4.1823133558375976E16
38.6                      4.1874318507790304E16
38.7                      4.1925070778554208E16
38.800000000000004        4.1975390370667656E16
38.900000000000006        4.2025277284130656E16
39.00000000000001         4.2074731518943224E16
39.1                      4.2123753075105344E16
39.2                      4.2172341952617024E16
39.300000000000004        4.222156394322824E16
39.400000000000006        4.2271238503460896E16
39.50000000000001         4.2320575679338984E16
39.6                      4.236957547086252E16
39.7                      4.2418237878031512E16
39.800000000000004        4.2466562900845928E16
39.900000000000006        4.2514550539305784E16
40.00000000000001         4.2562200793411088E16
40.1                      4.2609513663161832E16
40.2                      4.2656489148558024E16
40.300000000000004        4.2703127249599648E16
40.400000000000006        4.274942796628672E16
40.50000000000001         4.2795391298619232E16
40.6                      4.2841017246597184E16
40.7                      4.2886305810220584E16
40.800000000000004        4.2931256989489416E16
40.900000000000006        4.2975870784403712E16
41.00000000000001         4.3020147194963424E16
41.1                      4.3064086221168592E16
41.2                      4.3107687863019184E16
41.300000000000004        4.3150952120515232E16
41.400000000000006        4.319387899365672E16
41.50000000000001         4.3236468482443656E16
41.6                      4.3278720586876024E16
41.7                      4.332063530695384E16
41.800000000000004        4.3362212642677088E16
41.900000000000006        4.34034525940458E16
42.00000000000001         4.3444355161059936E16
42.1                      4.3484920343719512E16
42.2                      4.3525148142024536E16
42.300000000000004        4.3565038555974992E16
42.400000000000006        4.3604591585570904E16
42.50000000000001         4.3643807230812256E16
42.6                      4.368268549169904E16
42.7                      4.3721226368231272E16
42.800000000000004        4.3759429860408936E16
42.900000000000006        4.3797295968232064E16
43.00000000000001         4.3834824691700616E16
43.1                      4.3872016030814616E16
43.2                      4.3910024705602576E16
43.300000000000004        4.394813567655644E16
43.400000000000006        4.398598642824244E16
43.50000000000001         4.40235769606606E16
43.6                      4.4060907273810888E16
43.7                      4.409797736769332E16
43.800000000000004        4.4134787242307896E16
43.900000000000006        4.4171336897654616E16
44.00000000000001         4.420762633373348E16
44.1                      4.4243655550544488E16
44.2                      4.4279424548087632E16
44.300000000000004        4.431493332636292E16
44.400000000000006        4.435018188537036E16
44.50000000000001         4.4385170225109936E16
44.6                      4.4419898345581656E16
44.7                      4.445436624678552E16
44.800000000000004        4.4488573928721536E16
44.900000000000006        4.452252139138968E16
45.00000000000001         4.4556208634789968E16
45.1                      4.4589635658922408E16
45.2                      4.4622802463786992E16
45.300000000000004        4.4655709049383704E16
45.400000000000006        4.4688355415712568E16
45.50000000000001         4.4720741562773576E16
45.6                      4.475286749056672E16
45.7                      4.4784733199092016E16
45.800000000000004        4.4816338688349456E16
45.900000000000006        4.4847683958339032E16
46.00000000000001         4.487876900906076E16
46.1                      4.4909593840514624E16
46.2                      4.4940158452700624E16
46.300000000000004        4.4970462845618776E16
46.400000000000006        4.5000507019269072E16
46.50000000000001         4.5030290973651512E16
46.6                      4.505981470876608E16
46.7                      4.5089078224612808E16
46.800000000000004        4.511808152119168E16
46.900000000000006        4.514682459850268E16
47.00000000000001         4.5175307456545832E16
47.1                      4.5204664762980056E16
47.2                      4.52338869629132E16
47.300000000000004        4.5262909363067744E16
47.400000000000006        4.5291731963443664E16
47.50000000000001         4.5320354764040976E16
47.6                      4.534877776485968E16
47.7                      4.5377000965899776E16
47.800000000000004        4.5405024367161256E16
47.900000000000006        4.5432847968644136E16
48.00000000000001         4.5460471770348408E16
48.1                      4.5487895772274048E16
48.2                      4.5515119974421088E16
48.300000000000004        4.554214437678952E16
48.400000000000006        4.5568968979379344E16
48.50000000000001         4.5595593782190552E16
48.6                      4.562201878522316E16
48.7                      4.5648243988477144E16
48.800000000000004        4.567426939195252E16
48.900000000000006        4.5700094995649296E16
49.00000000000001         4.5725720799567448E16
49.1                      4.5751146803707E16
49.2                      4.5776373008067936E16
49.300000000000004        4.5801399412650272E16
49.400000000000006        4.5826226017453984E16
49.50000000000001         4.5850852822479088E16
49.6                      4.5875279827725584E16
49.7                      4.5899507033193472E16
49.800000000000004        4.5923534438882744E16
49.900000000000006        4.5947362044793408E16
50.00000000000001         4.5970989850925464E16
50.1                      4.5994417857278912E16
50.2                      4.6017646063853744E16
50.300000000000004        4.6040674470649976E16
50.400000000000006        4.6063503077667584E16
50.50000000000001         4.6086131884906584E16
50.6                      4.6108560892366984E16
50.7                      4.613079010004876E16
50.800000000000004        4.6152819507951936E16
50.900000000000006        4.6174769809814376E16
51.00000000000001         4.6197332734643496E16
51.1                      4.6219742424886672E16
51.2                      4.624199888054388E16
51.300000000000004        4.6264102101615136E16
51.400000000000006        4.6286052088100432E16
51.50000000000001         4.630784883999976E16
51.6                      4.6329492357313112E16
51.7                      4.6350982640040536E16
51.800000000000004        4.6372319688181976E16
51.900000000000006        4.6393503501737464E16
52.00000000000001         4.6414534080706992E16
52.1                      4.643541142509056E16
52.2                      4.645613553488816E16
52.300000000000004        4.64767064100998E16
52.400000000000006        4.6497124050725504E16
52.50000000000001         4.6517388456765216E16
52.6                      4.6537499628218984E16
52.7                      4.6557457565086792E16
52.800000000000004        4.6577262267368632E16
52.900000000000006        4.6596913735064512E16
53.00000000000001         4.661641196817444E16
53.1                      4.6635756966698384E16
53.2                      4.6654948730636392E16
53.300000000000004        4.6673987259988448E16
53.400000000000006        4.6692872554754528E16
53.50000000000001         4.671160461493464E16
53.6                      4.6730183440528808E16
53.7                      4.6748609031537E16
53.800000000000004        4.6766881387959232E16
53.900000000000006        4.6785000509795512E16
54.00000000000001         4.680296639704584E16
54.1                      4.6820779049710192E16
54.2                      4.6838438467788592E16
54.300000000000004        4.6855944651281024E16
54.400000000000006        4.6873297600187504E16
54.50000000000001         4.6890497314508008E16
54.6                      4.6907543794242576E16
54.7                      4.692443703939116E16
54.800000000000004        4.6941401472432616E16
54.900000000000006        4.695870993413084E16
55.00000000000001         4.6975900840058248E16
55.1                      4.6992974190214808E16
55.2                      4.7009929984600552E16
55.300000000000004        4.7026768223215472E16
55.400000000000006        4.7043488906059568E16
55.50000000000001         4.7060092033132832E16
55.6                      4.7076577604435288E16
55.7                      4.7092945619966896E16
55.800000000000004        4.7109196079727688E16
55.900000000000006        4.7125328983717656E16
56.00000000000001         4.7141344331936792E16
56.1                      4.7157242124385112E16
56.2                      4.71730223610626E16
56.300000000000004        4.7188685041969272E16
56.400000000000006        4.7204230167105112E16
56.50000000000001         4.721965773647012E16
56.6                      4.7234967750064304E16
56.7                      4.725016020788768E16
56.800000000000004        4.72652351099402E16
56.900000000000006        4.728019245622192E16
57.00000000000001         4.72950322467328E16
57.1                      4.7309754481472872E16
57.2                      4.7324359160442104E16
57.300000000000004        4.7338846283640504E16
57.400000000000006        4.735321585106808E16
57.50000000000001         4.736746786272484E16
57.6                      4.7381602318610776E16
57.7                      4.7395619218725888E16
57.800000000000004        4.7409518563070144E16
57.900000000000006        4.7423300351643616E16
58.00000000000001         4.7436964584446248E16
58.1                      4.745051126147804E16
58.2                      4.746394038273904E16
58.300000000000004        4.7477251948229176E16
58.400000000000006        4.7490445957948512E16
58.50000000000001         4.7503522411897008E16
58.6                      4.751648131007468E16
58.7                      4.7529741050808464E16
58.800000000000004        4.7543317005002528E16
58.900000000000006        4.7556817144318952E16
59.00000000000001         4.7570241468757728E16
59.1                      4.7583589978318832E16
59.2                      4.7596862673002296E16
59.300000000000004        4.761005955280812E16
59.400000000000006        4.7623180617736256E16
59.50000000000001         4.763622586778676E16
59.6                      4.76491953029596E16
59.7                      4.7662088923254776E16
59.800000000000004        4.7674906728672328E16
59.900000000000006        4.7687648719212192E16
60.00000000000001         4.7700314894874424E16
60.1                      4.7712905255658992E16
60.2                      4.7725419801565912E16
60.300000000000004        4.7737858532595168E16
60.400000000000006        4.7750221448746776E16
60.50000000000001         4.776250855002072E16
60.6                      4.7774719836417032E16
60.7                      4.7786855307935664E16
60.800000000000004        4.7798914964576648E16
60.900000000000006        4.7810898806339984E16
61.00000000000001         4.7822806833225672E16
61.1                      4.7834639045233688E16
61.2                      4.7846395442364056E16
61.300000000000004        4.785807602461676E16
61.400000000000006        4.786968079199184E16
61.50000000000001         4.7881209744489248E16
61.6                      4.7892662882109E16
61.7                      4.7904040204851096E16
61.800000000000004        4.7915341712715544E16
61.900000000000006        4.7926567405702328E16
62.00000000000001         4.7937717283811456E16
62.1                      4.7948791347042928E16
62.2                      4.7959789595396776E16
62.300000000000004        4.7970712028872936E16
62.400000000000006        4.7981558647471448E16
62.50000000000001         4.799232945119232E16
62.6                      4.8003024440035528E16
62.7                      4.8013643614001064E16
62.800000000000004        4.8024186973088968E16
62.900000000000006        4.8034654517299216E16
63.00000000000001         4.8045046246631808E16
63.1                      4.8055362161086744E16
63.2                      4.8065602260664008E16
63.300000000000004        4.807576654536364E16
63.400000000000006        4.8085855015185608E16
63.50000000000001         4.8095867670129936E16
63.6                      4.8105804510196592E16
63.7                      4.8115665535385592E16
63.800000000000004        4.8125450745696936E16
63.900000000000006        4.813516014113064E16
64                        4.8144793721686688E16
64.1                      4.815435148736508E16
64.2                      4.8163833438165816E16
64.3                      4.8173239574088888E16
64.39999999999999         4.8182569895134312E16
64.5                      4.819182440130208E16
64.6                      4.8201003092592208E16
64.7                      4.8210105969004672E16
64.8                      4.8219133030539472E16
64.89999999999999         4.8228084277196624E16
65                        4.8236959708976128E16
65.1                      4.8245759325877968E16
65.2                      4.8254483127902168E16
65.3                      4.8263131115048688E16
65.39999999999999         4.8271703287317568E16
65.5                      4.82801996447088E16
65.6                      4.8288620187222368E16
65.7                      4.8296964914858288E16
65.8                      4.8305233827616544E16
65.89999999999999         4.831342692549716E16
66                        4.8321544208500104E16
66.1                      4.8329585676625416E16
66.2                      4.8337551329873056E16
66.3                      4.834544116824304E16
66.39999999999999         4.8353255191735376E16
66.5                      4.836166475105472E16
66.6                      4.837010259563468E16
66.7                      4.8378483916024456E16
66.8                      4.8386808712224056E16
66.89999999999999         4.8395076984233496E16
67                        4.840328873205276E16
67.1                      4.8411443955681856E16
67.2                      4.8419542655120784E16
67.3                      4.8427584830369544E16
67.39999999999999         4.8435570481428128E16
67.5                      4.8443499608296552E16
67.6                      4.84513722109748E16
67.7                      4.8459188289462888E16
67.8                      4.8466947843760792E16
67.89999999999999         4.8474650873868512E16
68                        4.8482297379786096E16
68.1                      4.8489887361513496E16
68.2                      4.849742081905072E16
68.3                      4.8504897752397784E16
68.39999999999999         4.8512318161554688E16
68.5                      4.8519682046521392E16
68.6                      4.8526989407297944E16
68.7                      4.8534240243884312E16
68.8                      4.8541434556280528E16
68.89999999999999         4.854857234448656E16
69                        4.8555653608502432E16
69.1                      4.856267834832812E16
69.2                      4.8569646563963672E16
69.3                      4.8576558255409032E16
69.39999999999999         4.8583413422664224E16
69.5                      4.859021206572924E16
69.6                      4.8596954184604088E16
69.7                      4.860363977928876E16
69.8                      4.8610268849783272E16
69.89999999999999         4.8616841396087616E16
70                        4.8623357418201808E16
70.1                      4.8629816916125792E16
70.2                      4.8636219889859616E16
70.3                      4.8642566339403288E16
70.39999999999999         4.8648856264756776E16
70.5                      4.8655089665920096E16
70.6                      4.8661266542893248E16
70.7                      4.8667386895676224E16
70.8                      4.8673450724269032E16
70.89999999999999         4.8679458028671688E16
71                        4.868540880888416E16
71.1                      4.8691303064906456E16
71.2                      4.8697140796738592E16
71.3                      4.8702922004380552E16
71.39999999999999         4.8708646687832336E16
71.5                      4.871431484709396E16
71.6                      4.8719926482165416E16
71.7                      4.8725481593046704E16
71.8                      4.8730980179737816E16
71.89999999999999         4.8736422242238744E16
72                        4.874180778054952E16
72.1                      4.874713679467012E16
72.2                      4.8752409284600568E16
72.3                      4.8757625250340824E16
72.39999999999999         4.876278469189092E16
72.5                      4.8767887609250832E16
72.6                      4.8772934002420608E16
72.7                      4.8777923871400168E16
72.8                      4.8782857216189584E16
72.89999999999999         4.878773403678884E16
73                        4.8792554333197896E16
73.1                      4.87973181054168E16
73.2                      4.8802025353445528E16
73.3                      4.8806676077284096E16
73.39999999999999         4.881127027693248E16
73.5                      4.8815807952390728E16
73.6                      4.8820289103658768E16
73.7                      4.8824713730736664E16
73.8                      4.8829081833624376E16
73.89999999999999         4.8833393412321912E16
74                        4.8837648466829288E16
74.1                      4.8841846997146496E16
74.2                      4.884621213362364E16
74.3                      4.885115884878304E16
74.39999999999999         4.8856070801847616E16
74.5                      4.8860947992817408E16
74.6                      4.886579042169236E16
74.7                      4.887059808847252E16
74.8                      4.8875370993157848E16
74.89999999999999         4.8880109135748368E16
75                        4.8884812516244088E16
75.1                      4.8889481134644976E16
75.2                      4.8894114990951048E16
75.3                      4.889871408516232E16
75.39999999999999         4.8903278417278776E16
75.5                      4.8907807987300408E16
75.6                      4.8912302795227248E16
75.7                      4.8916762841059256E16
75.8                      4.8921188124796448E16
75.89999999999999         4.8925578646438832E16
76                        4.8929934405986408E16
76.1                      4.8934255403439168E16
76.2                      4.8938541638797128E16
76.3                      4.8942793112060248E16
76.39999999999999         4.8947009823228552E16
76.5                      4.8951191772302072E16
76.6                      4.8955338959280768E16
76.7                      4.895945138416464E16
76.8                      4.8963529046953704E16
76.9                      4.896757194764796E16
77                        4.89715800862474E16
77.1                      4.8975553462752E16
77.2                      4.8979492077161824E16
77.3                      4.8983395929476816E16
77.4                      4.8987265019696992E16
77.5                      4.8991099347822376E16
77.6                      4.899489891385292E16
77.7                      4.8998663717788664E16
77.8                      4.90023937596296E16
77.9                      4.9006089039375696E16
78                        4.9009749557027008E16
78.1                      4.9013375312583504E16
78.2                      4.9016966306045176E16
78.3                      4.9020522537412032E16
78.4                      4.902404400668408E16
78.5                      4.902753071386132E16
78.6                      4.9030982658943736E16
78.7                      4.9034399841931336E16
78.8                      4.9037782262824112E16
78.9                      4.9041129921622104E16
79                        4.9044442818325264E16
79.1                      4.9047720952933616E16
79.2                      4.9050964325447152E16
79.3                      4.905417293586588E16
79.4                      4.90573467841898E16
79.5                      4.906048587041888E16
79.6                      4.9063590194553176E16
79.7                      4.906665975659264E16
79.8                      4.9069694556537304E16
79.9                      4.9072694594387144E16
80                        4.9075659870142168E16
80.1                      4.9078590383802392E16
80.2                      4.90814861353678E16
80.3                      4.9084347124838384E16
80.4                      4.9087173352214152E16
80.5                      4.9089964817495104E16
80.6                      4.9092721520681264E16
80.7                      4.9095443461772584E16
80.8                      4.909813064076912E16
80.9                      4.9100783057670824E16
81                        4.910340071247772E16
81.1                      4.91059836051898E16
81.2                      4.9108531735807064E16
81.3                      4.911104510432952E16
81.4                      4.9113523710757152E16
81.5                      4.9115967555089968E16
81.6                      4.9118376637327984E16
81.7                      4.9120750957471192E16
81.8                      4.9123090515519576E16
81.9                      4.9125395311473152E16
82                        4.9128022180385704E16
82.1                      4.9130826681546832E16
82.2                      4.9133610668571264E16
82.3                      4.9136374141458968E16
82.4                      4.9139117100209968E16
82.5                      4.9141839544824256E16
82.6                      4.914454147530184E16
82.7                      4.9147222891642696E16
82.8                      4.9149883793846856E16
82.9                      4.9152524181914312E16
83                        4.9155144055845056E16
83.1                      4.9157743415639064E16
83.2                      4.9160322261296376E16
83.3                      4.9162880592816984E16
83.4                      4.9165418410200888E16
83.5                      4.9167935713448064E16
83.6                      4.9170432502558536E16
83.7                      4.9172908777532304E16
83.8                      4.9175364538369344E16
83.9                      4.9177799785069688E16
84                        4.918021451763332E16
84.1                      4.918260873606024E16
84.2                      4.9184982440350448E16
84.3                      4.9187335630503944E16
84.4                      4.918966830652072E16
84.5                      4.9191980468400808E16
84.6                      4.9194272116144168E16
84.7                      4.9196543249750832E16
84.8                      4.9198793869220784E16
84.9                      4.9201023974554008E16
85                        4.9203233565750536E16
85.1                      4.9205422642810344E16
85.2                      4.920759120573344E16
85.3                      4.920973925451984E16
85.4                      4.9211866789169512E16
85.5                      4.9213973809682488E16
85.6                      4.9216060316058736E16
85.7                      4.9218126308298288E16
85.8                      4.922017178640112E16
85.9                      4.9222196750367264E16
86                        4.922420120019668E16
86.1                      4.9226185135889376E16
86.2                      4.9228148557445376E16
86.3                      4.9230091464864664E16
86.4                      4.9232013858147232E16
86.5                      4.923391573729312E16
86.6                      4.9235797102302256E16
86.7                      4.9237657953174696E16
86.8                      4.9239498289910432E16
86.9                      4.924131811250944E16
87                        4.924311742097176E16
87.1                      4.924489621529736E16
87.2                      4.9246654495486248E16
87.3                      4.924839226153844E16
87.4                      4.9250109513453896E16
87.5                      4.9251806251232656E16
87.6                      4.9253482474874704E16
87.7                      4.9255138184380048E16
87.8                      4.9256773379748664E16
87.9                      4.9258388060980584E16
88                        4.9259982228075784E16
88.1                      4.9261555881034272E16
88.2                      4.9263109019856048E16
88.3                      4.9264641644541128E16
88.4                      4.9266153755089496E16
88.5                      4.9267645351501144E16
88.6                      4.9269116433776088E16
88.7                      4.9270567001914312E16
88.8                      4.927199705591584E16
88.9                      4.9273406595780648E16
89                        4.9274795621508752E16
89.1                      4.9276164133100136E16
89.2                      4.92775121305548E16
89.3                      4.9278839613872768E16
89.4                      4.9280146583054032E16
89.5                      4.9281433038098576E16
89.6                      4.9282698979006416E16
89.7                      4.9283950095655608E16
89.8                      4.9285519447847664E16
89.9                      4.9287077043945432E16
90                        4.9288622883948904E16
90.1                      4.9290156967858104E16
90.2                      4.9291679295673E16
90.3                      4.9293189867393632E16
90.4                      4.9294688683019968E16
90.5                      4.9296175742552024E16
90.6                      4.9297651045989792E16
90.7                      4.9299114593333272E16
90.8                      4.9300566384582472E16
90.9                      4.9302006419737384E16
91                        4.9303434698798008E16
91.1                      4.9304851221764352E16
91.2                      4.93062559886364E16
91.3                      4.9307648999414168E16
91.4                      4.9309030254097664E16
91.5                      4.9310399752686864E16
91.6                      4.9311757495181776E16
91.7                      4.9313103481582384E16
91.8                      4.9314437711888744E16
91.9                      4.9315760186100792E16
92                        4.9317070904218576E16
92.1                      4.9318369866242048E16
92.2                      4.9319657072171272E16
92.3                      4.9320932522006184E16
92.4                      4.93221962157468E16
92.5                      4.932344815339316E16
92.6                      4.9324688334945208E16
92.7                      4.9325916760403E16
92.8                      4.932713342976648E16
92.9                      4.932833834303568E16
93                        4.93295315002106E16
93.1                      4.9330712901291232E16
93.2                      4.9331882546277576E16
93.3                      4.9333040435169648E16
93.4                      4.9334186567967432E16
93.5                      4.9335320944670912E16
93.6                      4.933644356528012E16
93.7                      4.9337554429795032E16
93.8                      4.9338653538215688E16
93.9                      4.9339740890542024E16
94                        4.934081648677408E16
94.1                      4.9341880326911864E16
94.2                      4.934293241095536E16
94.3                      4.9343972738904568E16
94.4                      4.9345001310759488E16
94.5                      4.9346018126520136E16
94.6                      4.934702318618648E16
94.7                      4.9348016489758544E16
94.8                      4.9348998037236336E16
94.9                      4.9349967828619824E16
95                        4.9350925863909032E16
95.1                      4.935187214310396E16
95.2                      4.9352806666204608E16
95.3                      4.9353729433210944E16
95.4                      4.9354640444123016E16
95.5                      4.93555396989408E16
95.6                      4.9356427197664304E16
95.7                      4.935730294029352E16
95.8                      4.935816692682844E16
95.9                      4.9359019157269088E16
96                        4.9359859631615432E16
96.1                      4.9360688349867512E16
96.2                      4.9361505312025296E16
96.3                      4.9362310518088784E16
96.4                      4.9363103968058016E16
96.5                      4.9363885661932944E16
96.6                      4.9364655599713584E16
96.7                      4.9365413781399952E16
96.8                      4.9366160206992016E16
96.9                      4.9366894876489816E16
97                        4.9367617789893304E16
97.1                      4.9368328947202528E16
97.2                      4.936902834841744E16
97.3                      4.9369715993538112E16
97.4                      4.9370391882564464E16
97.5                      4.9371146104421648E16
97.6                      4.937203153611084E16
97.7                      4.9372911081351224E16
97.8                      4.9373784740142832E16
97.9                      4.9374652512485648E16
98                        4.9375514398379664E16
98.1                      4.9376370397824896E16
98.2                      4.9377220510821336E16
98.3                      4.9378064737369E16
98.4                      4.9378903077467856E16
98.5                      4.937973553111792E16
98.6                      4.9380562098319192E16
98.7                      4.9381382779071672E16
98.8                      4.9382197573375376E16
98.9                      4.9383006481230272E16
99                        4.9383809502636384E16
99.1                      4.9384606637593704E16
99.2                      4.9385397886102224E16
99.3                      4.9386183248161976E16
99.4                      4.938696272377292E16
99.5                      4.9387736312935072E16
99.6                      4.938850401564844E16
99.7                      4.9389265831913008E16
99.8                      4.9390021761728792E16
99.9                      4.9390771805095784E16
100                       4.9391515962013984E16
