5.000000000000000000e-01 3.261135174994918750e+13
1.000000000000000000e+00 1.851392994717706562e+14
1.500000000000000000e+00 5.758914131626583750e+14
2.000000000000000000e+00 1.306946799454212000e+15
2.500000000000000000e+00 2.429859274258877000e+15
3.000000000000000000e+00 3.938345976233712500e+15
3.500000000000000000e+00 5.781024295290180000e+15
4.000000000000000000e+00 7.881362225758607000e+15
4.500000000000000000e+00 1.015566097763234800e+16
5.000000000000000000e+00 1.252534433876747600e+16
5.500000000000000000e+00 1.492349202817893800e+16
6.000000000000000000e+00 1.729708430261112600e+16
6.500000000000000000e+00 1.960662352422871600e+16
7.000000000000000000e+00 2.182444346991946800e+16
7.500000000000000000e+00 2.393256059510306400e+16
8.000000000000000000e+00 2.592054728354807600e+16
8.500000000000000000e+00 2.778365424606255600e+16
9.000000000000000000e+00 2.952125902231478000e+16
9.500000000000000000e+00 3.113563833043789200e+16
1.000000000000000000e+01 3.263102631947566000e+16
1.050000000000000000e+01 3.401290931320631200e+16
1.100000000000000000e+01 3.528750833209414000e+16
1.150000000000000000e+01 3.646140661891060000e+16
1.200000000000000000e+01 3.754128689633579200e+16
1.250000000000000000e+01 3.853375037630692800e+16
1.300000000000000000e+01 3.944519588897251200e+16
1.350000000000000000e+01 4.028174270637063200e+16
1.400000000000000000e+01 4.104918475451176800e+16
1.450000000000000000e+01 4.175296708786443200e+16
1.500000000000000000e+01 4.239817791572654400e+16
1.550000000000000000e+01 4.298955128287515200e+16
1.600000000000000000e+01 4.353147685554892800e+16
1.650000000000000000e+01 4.402801426025231200e+16
1.700000000000000000e+01 4.448291015495417600e+16
1.750000000000000000e+01 4.489961674751233600e+16
1.800000000000000000e+01 4.528131086572899200e+16
1.850000000000000000e+01 4.563091296568914400e+16
1.900000000000000000e+01 4.595110566850010400e+16
1.950000000000000000e+01 4.624435156138150400e+16
2.000000000000000000e+01 4.651291010284090400e+16
2.050000000000000000e+01 4.675885354487257600e+16
2.100000000000000000e+01 4.698408183614280000e+16
2.150000000000000000e+01 4.719033650512416000e+16
2.200000000000000000e+01 4.737921354560549600e+16
2.250000000000000000e+01 4.755217534220867200e+16
2.300000000000000000e+01 4.771056168287110400e+16
2.350000000000000000e+01 4.785559991043184800e+16
2.400000000000000000e+01 4.798841426774544000e+16
2.450000000000000000e+01 4.811003449104226400e+16
2.500000000000000000e+01 4.822140370521181600e+16
2.550000000000000000e+01 4.832338567276919200e+16
2.600000000000000000e+01 4.841677144580872800e+16
2.650000000000000000e+01 4.850228546748697600e+16
2.700000000000000000e+01 4.858059116667179200e+16
2.750000000000000000e+01 4.865229608646092800e+16
2.800000000000000000e+01 4.871795658438649600e+16
2.850000000000000000e+01 4.877808213933114400e+16
2.900000000000000000e+01 4.883313929752048000e+16
2.950000000000000000e+01 4.888355528743991200e+16
3.000000000000000000e+01 4.892972133116361600e+16
3.050000000000000000e+01 4.897199567737928800e+16
3.100000000000000000e+01 4.901070637934458400e+16
3.150000000000000000e+01 4.904615383911176800e+16
3.200000000000000000e+01 4.907861313760453600e+16
3.250000000000000000e+01 4.910833616851044000e+16
3.300000000000000000e+01 4.913555359246364800e+16
3.350000000000000000e+01 4.916047662661981600e+16
3.400000000000000000e+01 4.918329868346514400e+16
3.450000000000000000e+01 4.920419687154396000e+16
3.500000000000000000e+01 4.922333336972651200e+16
3.550000000000000000e+01 4.924085668566410400e+16
3.600000000000000000e+01 4.925690280818432000e+16
3.650000000000000000e+01 4.927159626256045600e+16
3.700000000000000000e+01 4.928505107683689600e+16
3.750000000000000000e+01 4.929737166670505600e+16
3.800000000000000000e+01 4.930865364579266400e+16
3.850000000000000000e+01 4.931898456765230400e+16
3.900000000000000000e+01 4.932844460520531200e+16
3.950000000000000000e+01 4.933710717291216000e+16
4.000000000000000000e+01 4.934503949649684000e+16
4.050000000000000000e+01 4.935230313464580800e+16
4.100000000000000000e+01 4.935895445672941600e+16
4.150000000000000000e+01 4.936504508025276000e+16
4.200000000000000000e+01 4.937062227143074400e+16
4.250000000000000000e+01 4.937572931199544800e+16
4.300000000000000000e+01 4.938040583508238400e+16
4.350000000000000000e+01 4.938468813280228800e+16
4.400000000000000000e+01 4.938860943788508000e+16
4.450000000000000000e+01 4.939220018158168000e+16
4.500000000000000000e+01 4.939548822982516000e+16
4.550000000000000000e+01 4.939849909948380000e+16
4.600000000000000000e+01 4.940125615638434400e+16
4.650000000000000000e+01 4.940378079664220000e+16
4.700000000000000000e+01 4.940609261270565600e+16
4.750000000000000000e+01 4.940820954540288000e+16
4.800000000000000000e+01 4.941014802317148000e+16
4.850000000000000000e+01 4.941192308955124800e+16
4.900000000000000000e+01 4.941354851992935200e+16
4.950000000000000000e+01 4.941503692844412000e+16
5.000000000000000000e+01 4.941639986587695200e+16
5.050000000000000000e+01 4.941764790929196000e+16
5.100000000000000000e+01 4.941879074411930400e+16
5.150000000000000000e+01 4.941983723931879200e+16
5.200000000000000000e+01 4.942079551620740800e+16
5.250000000000000000e+01 4.942167301148466400e+16
5.300000000000000000e+01 4.942247653494510400e+16
5.350000000000000000e+01 4.942321232232563200e+16
5.400000000000000000e+01 4.942388608369789600e+16
5.450000000000000000e+01 4.942450304778118400e+16
5.500000000000000000e+01 4.942506800252000000e+16
5.550000000000000000e+01 4.942558533224072000e+16
5.600000000000000000e+01 4.942605905167619200e+16
5.650000000000000000e+01 4.942649283712201600e+16
5.700000000000000000e+01 4.942689005496643200e+16
5.750000000000000000e+01 4.942725378781509600e+16
5.800000000000000000e+01 4.942758685841363200e+16
5.850000000000000000e+01 4.942789185155360000e+16
5.900000000000000000e+01 4.942817113413160000e+16
5.950000000000000000e+01 4.942842687351772000e+16
6.000000000000000000e+01 4.942866105437520800e+16
6.050000000000000000e+01 4.942887549406265600e+16
6.100000000000000000e+01 4.942907185673737600e+16
6.150000000000000000e+01 4.942925166627024000e+16
6.200000000000000000e+01 4.942941631807156800e+16
6.250000000000000000e+01 4.942956708992026400e+16
6.300000000000000000e+01 4.942970515187995200e+16
6.350000000000000000e+01 4.942983157537928000e+16
6.400000000000000000e+01 4.942994734152673600e+16
6.450000000000000000e+01 4.943005334872452000e+16
6.500000000000000000e+01 4.943015041964056800e+16
6.550000000000000000e+01 4.943023930759287200e+16
6.600000000000000000e+01 4.943032070239565600e+16
6.650000000000000000e+01 4.943039523571258400e+16
6.700000000000000000e+01 4.943046348595880800e+16
6.750000000000000000e+01 4.943052598278976000e+16
6.800000000000000000e+01 4.943058321121157600e+16
6.850000000000000000e+01 4.943063561534496000e+16
6.900000000000000000e+01 4.943068360187168800e+16
6.950000000000000000e+01 4.943072754319081600e+16
7.000000000000000000e+01 4.943076778030858400e+16
7.050000000000000000e+01 4.943080462548478400e+16
7.100000000000000000e+01 4.943083836465607200e+16
7.150000000000000000e+01 4.943086925965505600e+16
7.200000000000000000e+01 4.943089755024202400e+16
7.250000000000000000e+01 4.943092345596591200e+16
7.300000000000000000e+01 4.943094717786782400e+16
7.350000000000000000e+01 4.943096890004136000e+16
7.400000000000000000e+01 4.943098879106131200e+16
7.450000000000000000e+01 4.943100700529174400e+16
7.500000000000000000e+01 4.943102368408403200e+16
7.550000000000000000e+01 4.943103895687380000e+16
7.600000000000000000e+01 4.943105294218540800e+16
7.650000000000000000e+01 4.943106574855173600e+16
7.700000000000000000e+01 4.943107747535652000e+16
7.750000000000000000e+01 4.943108821360544800e+16
7.800000000000000000e+01 4.943109804663268800e+16
7.850000000000000000e+01 4.943110705074732000e+16
7.900000000000000000e+01 4.943111529582571200e+16
7.950000000000000000e+01 4.943112284585372000e+16
8.000000000000000000e+01 4.943112975942326400e+16
8.050000000000000000e+01 4.943113609018705600e+16
8.100000000000000000e+01 4.943113609018705600e+16
8.150000000000000000e+01 4.943113609018705600e+16
8.200000000000000000e+01 4.943113609018705600e+16
8.250000000000000000e+01 4.943113609018705600e+16
8.300000000000000000e+01 4.943113609018705600e+16
8.350000000000000000e+01 4.943113609018705600e+16
8.400000000000000000e+01 4.943113609018705600e+16
8.450000000000000000e+01 4.943113609018705600e+16
8.500000000000000000e+01 4.943113609018705600e+16
8.550000000000000000e+01 4.943113609018705600e+16
8.600000000000000000e+01 4.943113609018705600e+16
8.650000000000000000e+01 4.943113609018705600e+16
8.700000000000000000e+01 4.943113609018705600e+16
8.750000000000000000e+01 4.943113609018705600e+16
8.800000000000000000e+01 4.943113609018705600e+16
8.850000000000000000e+01 4.943113609018705600e+16
8.900000000000000000e+01 4.943113609018705600e+16
8.950000000000000000e+01 4.943113609018705600e+16
9.000000000000000000e+01 4.943113609018705600e+16
9.050000000000000000e+01 4.943113609018705600e+16
9.100000000000000000e+01 4.943113609018705600e+16
9.150000000000000000e+01 4.943113609018705600e+16
9.200000000000000000e+01 4.943113609018705600e+16
9.250000000000000000e+01 4.943113609018705600e+16
9.300000000000000000e+01 4.943113609018705600e+16
9.350000000000000000e+01 4.943113609018705600e+16
9.400000000000000000e+01 4.943113609018705600e+16
9.450000000000000000e+01 4.943113609018705600e+16
9.500000000000000000e+01 4.943113609018705600e+16
9.550000000000000000e+01 4.943113609018705600e+16
9.600000000000000000e+01 4.943113609018705600e+16
9.650000000000000000e+01 4.943113609018705600e+16
9.700000000000000000e+01 4.943113609018705600e+16
9.750000000000000000e+01 4.943113609018705600e+16
9.800000000000000000e+01 4.943113609018705600e+16
9.850000000000000000e+01 4.943113609018705600e+16
9.900000000000000000e+01 4.943113609018705600e+16
9.950000000000000000e+01 4.943113609018705600e+16
1.000000000000000000e+02 4.943113609018705600e+16
