1.000000000000000056e-01 0.000000000000000000e+00
1.909090909090909172e-01 0.000000000000000000e+00
2.909090909090908950e-01 0.000000000000000000e+00
4.009090909090908816e-01 0.000000000000000000e+00
5.009090909090908594e-01 0.000000000000000000e+00
5.918181818181817988e-01 0.000000000000000000e+00
6.918181818181817766e-01 0.000000000000000000e+00
8.018181818181817633e-01 0.000000000000000000e+00
9.228181818181817597e-01 0.000000000000000000e+00
1.055918181818181756e+00 0.000000000000000000e+00
1.202328181818181907e+00 0.000000000000000000e+00
1.363379181818181962e+00 0.000000000000000000e+00
1.540535281818182112e+00 0.000000000000000000e+00
1.735406991818182254e+00 0.000000000000000000e+00
1.949765872818182366e+00 0.000000000000000000e+00
2.185560641918182334e+00 0.000000000000000000e+00
2.444934887928182476e+00 0.000000000000000000e+00
2.730246558539182633e+00 0.000000000000000000e+00
3.044089396211282939e+00 0.000000000000000000e+00
3.389316517650593052e+00 0.000000000000000000e+00
3.769066351233834489e+00 0.000000000000000000e+00
4.186791168175400202e+00 0.000000000000000000e+00
4.646288466811122397e+00 0.000000000000000000e+00
5.151735495310417079e+00 0.000000000000000000e+00
5.707727226659640607e+00 0.000000000000000000e+00
6.319318131143786488e+00 0.000000000000000000e+00
6.992068126076347312e+00 0.000000000000000000e+00
7.732093120502164574e+00 0.000000000000000000e+00
8.546120614370563473e+00 0.000000000000000000e+00
9.441550857625802706e+00 0.000000000000000000e+00
1.042652412520656569e+01 0.000000000000000000e+00
1.150999471954540532e+01 0.000000000000000000e+00
1.270181237331812873e+01 0.000000000000000000e+00
1.401281179246812414e+01 0.000000000000000000e+00
1.545491115353311962e+01 0.000000000000000000e+00
1.704122045070461411e+01 0.000000000000000000e+00
1.878616067759325858e+01 0.000000000000000000e+00
2.070559492717076822e+01 0.000000000000000000e+00
2.281697260170602704e+01 0.000000000000000000e+00
2.513948804369481493e+01 0.000000000000000000e+00
2.769425502988248056e+01 0.000000000000000000e+00
3.050449871468891416e+01 0.000000000000000000e+00
3.359576676797598793e+01 0.000000000000000000e+00
3.699616162659177121e+01 0.000000000000000000e+00
4.073659597106913566e+01 0.000000000000000000e+00
4.485107374999423513e+01 0.000000000000000000e+00
4.937699930681184668e+01 0.000000000000000000e+00
5.435551741931121938e+01 0.000000000000000000e+00
5.983188734306052936e+01 0.000000000000000000e+00
6.585589425918476536e+01 0.000000000000000000e+00
7.248230186692143207e+01 0.000000000000000000e+00
7.977135023543176828e+01 0.000000000000000000e+00
8.778930344079313386e+01 0.000000000000000000e+00
9.660905196669062889e+01 0.000000000000000000e+00
1.063107753451778876e+02 0.000000000000000000e+00
1.169826710615138694e+02 0.000000000000000000e+00
1.287217563494834565e+02 0.000000000000000000e+00
1.416347501662500008e+02 0.000000000000000000e+00
1.558390433646931967e+02 0.000000000000000000e+00
1.714637658829807094e+02 0.000000000000000000e+00
1.886509606530969734e+02 4.064632614296517924e-317
2.075568749002248694e+02 9.122569268522084236e-303
2.283533805720655607e+02 1.248382545263578203e-286
2.512295368110903269e+02 2.380134478443464551e-271
2.763933086740175895e+02 7.181970610713900295e-257
3.040734577232375386e+02 3.851365056005879878e-243
3.345216216773794713e+02 4.080185172491704168e-230
3.680146020269356200e+02 9.409591316456363598e-218
4.048568804114473778e+02 5.164647349725383601e-206
4.453833866344103285e+02 7.325711403411700930e-195
4.899625434796695913e+02 2.897963479857772082e-184
5.389996160094547122e+02 3.431465664583067986e-174
5.929403957922183963e+02 1.298900492352154253e-164
6.522752535532584943e+02 1.671137438419798760e-155
7.175435970904026135e+02 7.738649669266909828e-147
7.893387749812611673e+02 1.360868077794636023e-138
8.683134706612055425e+02 9.556285999100125830e-131
9.551856359091443665e+02 2.809148928991232628e-123
1.050745017681877016e+03 3.613576891322790383e-116
1.155860337631882885e+03 2.120858023780470836e-109
1.271487189576889477e+03 5.907297809054469003e-103
1.398676726716396615e+03 8.103891337710927368e-97
1.538585217569854649e+03 5.670909727825671189e-91
1.692484557508658327e+03 2.092463326319896221e-85
1.861773831441342509e+03 4.200699447076547974e-80
2.047992032767295086e+03 4.726380657327352687e-75
2.252832054225842967e+03 3.065365267827832158e-70
2.478156077830245522e+03 1.176917287880612914e-65
2.726012503795088378e+03 2.743358841222062045e-61
2.998654572356415883e+03 3.976392432508668131e-57
3.298560847773876048e+03 3.666309139521112612e-53
3.628457750733082321e+03 2.197157320018484484e-49
3.991344343988208948e+03 8.735086594513570130e-46
4.390519596568848101e+03 2.348965611524995649e-42
4.829612374407551215e+03 4.352006429215560472e-39
5.312614430030124822e+03 5.653245933258580412e-36
5.843916691214955790e+03 5.234868049132609275e-33
6.428349178518270492e+03 3.510329379836276721e-30
7.071224914551916299e+03 1.730244641397935950e-27
7.778388224188926870e+03 6.358187336945425306e-25
8.556267864789639134e+03 1.765450606869103734e-22
9.411935469450421806e+03 3.751473159774913987e-20
1.035316983457728202e+04 6.174647753249655932e-18
1.138852763621682971e+04 7.962581687331791976e-16
1.252742121802033216e+04 8.132722035206208491e-14
1.378020415800418414e+04 6.646957693710873169e-12
1.515826539198642240e+04 4.389842114791661352e-10
1.667413274936688322e+04 2.364452947725035093e-08
1.834158684248539066e+04 1.047805666148305475e-06
2.017578634491574849e+04 3.852298034822631255e-05
2.219340579758914464e+04 1.184375112802444133e-03
2.441278719552987968e+04 3.068048298842612764e-02
2.685410673326468896e+04 6.744584051670566849e-01
2.953955822477297625e+04 1.266889358310150193e+01
3.249355486543209554e+04 2.046667598817945191e+02
3.574295117015712458e+04 2.861470825901145417e+03
3.931728710535465507e+04 3.483018206261533487e+04
4.324905663407194515e+04 3.712178681086080614e+05
4.757400311566096207e+04 3.483294544089475647e+06
5.233144424540887849e+04 2.892862617120936885e+07
5.756462948813159164e+04 2.137190366812697649e+08
6.332113325512657320e+04 1.411424372974609852e+09
6.965328739882104855e+04 8.371777851236791611e+09
7.661865695688498090e+04 4.480234649294494629e+10
8.428056347075529629e+04 2.172797350043601990e+11
9.270866063601264614e+04 9.590115790291395264e+11
1.019795675177957455e+05 3.868154601660870117e+12
1.121775650877571461e+05 1.431454118956630273e+13
1.233953624147146911e+05 4.878156693421207031e+13
1.357349394743680023e+05 1.535796779845278438e+14
1.493084742399866227e+05 4.476152869528364375e+14
1.642393624821671110e+05 1.206972050090494250e+15
1.806633395485656511e+05 2.991982657206143000e+15
1.987297143216040567e+05 6.707620816364451000e+15
2.186027265719462885e+05 1.322280812320158800e+16
2.404630400473227492e+05 2.225949250383053600e+16
2.645093848702368559e+05 3.175980868032792000e+16
2.909603641754423734e+05 3.938869303298349600e+16
3.200564414111684309e+05 4.431484171162192000e+16
3.520621263704671292e+05 4.703644161576759200e+16
3.872683798256957089e+05 4.838545381709110400e+16
4.259952586264471174e+05 4.900208812711048000e+16
4.685948253072736552e+05 4.926538305222380000e+16
5.154543486561828759e+05 4.937088367098993600e+16
5.669998243399830535e+05 4.941057825309436800e+16
6.236998475921632489e+05 4.942458710863109600e+16
6.860698731695614988e+05 4.942921659984291200e+16
7.546769013046994805e+05 4.943064653880400000e+16
8.301446322533512721e+05 4.943105859413160800e+16
9.131591362968683243e+05 4.943116917452023200e+16
1.000000000000000000e+06 4.943116917452023200e+16
