298.5                     0.04450663169628769
299                       0.04840389327241708
299.5                     0.052531825998360385
300                       0.05726406491720399
300.5                     0.06208679979153854
301                       0.06739519108471545
301.5                     0.07384668930915832
302                       0.08042100949778705
302.5                     0.08711938494647437
303                       0.09394305320206642
303.5                     0.10089325673165242
304                       0.10987293985776705
304.5                     0.11985666067968175
305                       0.13002620380451677
305.5                     0.1403833875214491
306                       0.1509300364691506
306.5                     0.16214362327776705
307                       0.1771932749317605
307.5                     0.19251924416439928
308                       0.20812418278126346
308.5                     0.22401075191583258
309                       0.24018162057945902
309.5                     0.2584313194776192
310                       0.27941249693686027
310.5                     0.30188029754325674
311                       0.32587045211557314
311.5                     0.35141911240944446
312                       0.37856285817924934
312.5                     0.40945668844055566
313                       0.44282506915017245
313.5                     0.47864614113343257
314                       0.5169783334457873
314.5                     0.5578807513748498
315                       0.6014131831470475
315.5                     0.6476361013066542
316                       0.6966106622707215
316.5                     0.7483987140035282
317                       0.803062791535242
317.5                     0.8606661248841821
318                       0.9280922726975956
318.5                     1.001756997264683
319                       1.0801942618499032
319.5                     1.163511720879119
320                       1.2518182141903011
320.5                     1.3452237743803928
321                       1.443839622846232
321.5                     1.5477781835513167
322                       1.6571530761844955
322.5                     1.772079125818256
323                       1.9050362175747355
323.5                     2.050760608630676
324                       2.205823319030279
324.5                     2.370429272868843
325                       2.544785567023179
325.5                     2.7291014729052923
326                       2.9235884558181042
326.5                     3.128460164852448
327                       3.3439324582900247
327.5                     3.570223376682762
328                       3.8285545418772124
328.5                     4.111901607207018
329                       4.412928024231695
329.5                     4.732010054941114
330                       5.069527805358762
330.5                     5.425865237781024
331                       5.801410147898301
331.5                     6.196554222762534
332                       6.611693007216841
332.5                     7.047225940027595
333                       7.5392684720608845
333.5                     8.079547601014665
334                       8.652664576165746
334.5                     9.259297528739179
335                       9.900131265016084
335.5                     10.575857225618854
336                       11.28717358883506
336.5                     12.03478514152954
337                       12.819403464627174
337.5                     13.64174683133334
338                       14.561943810224285
338.5                     15.57319835919915
339                       16.644353537447838
339.5                     17.7766101472699
340                       18.971180410233682
340.5                     20.22928786447886
341                       21.55216739658303
341.5                     22.94106532924166
342                       24.397239393409833
342.5                     25.921958829596914
343                       27.61319985311654
343.5                     29.472949720147724
344                       31.44011195853373
344.5                     33.5167778643787
345                       35.70505768464973
345.5                     38.00708084426704
346                       40.424995637725246
346.5                     42.96096963957213
347                       45.6171894583708
347.5                     48.39586085727129
348                       51.45326483988241
348.5                     54.81675200962995
349                       58.369753396186326
349.5                     62.11585398835707
350                       66.0586702952703
350.5                     70.20185024066055
351                       74.54907306344518
351.5                     79.1040498025084
352                       83.87052257922507
352.5                     88.85226552913386
353                       94.29329775490744
353.5                     100.28067689089323
354                       106.59734040251901
354.5                     113.24934341175623
355                       120.24279207435036
355.5                     127.5838434268233
356                       135.27870608640083
356.5                     143.33363920605717
357                       151.7549538525905
357.5                     160.54901229709483
358                       170.08865468789918
358.5                     180.58763436909464
359                       191.65051012172978
359.5                     203.28736579705514
360                       215.50836694154387
360.5                     228.3237611342791
361                       241.7438780014201
361.5                     255.77912929221824
362                       270.4400087507338
362.5                     285.7370929929674
363                       302.22739072457347
363.5                     320.3763896381005
364                       339.4778728875107
364.5                     359.5484102410207
365                       380.6047018489329
365.5                     402.66357858150434
366                       425.741999525624
366.5                     449.8570551728148
367                       475.0259651056596
367.5                     501.2660796480833
368                       529.3899129510812
368.5                     560.3401408611209
369                       592.8783696966826
369.5                     627.0314874825291
370                       662.8265853018991
370.5                     700.2909575720242
371                       739.4521024725985
371.5                     780.3377190055962
372                       822.9757122667362
372.5                     867.3941894364635
373                       914.7477280272808
373.5                     966.8511532141339
374                       1021.5694340414575
374.5                     1078.9456779940779
375                       1139.0233075625079
375.5                     1201.8460591159323
376                       1267.4579833448956
376.5                     1335.903445052595
377                       1407.2271222648924
377.5                     1481.4740079509666
378                       1560.2363834106968
378.5                     1646.8759087474439
379                       1737.7701778593148
379.5                     1832.9875104628998
380                       1932.5967076449494
380.5                     2036.6670509866458
381                       2145.268301983747
381.5                     2258.4707000286508
382                       2376.344967340694
382.5                     2498.962304151736
383                       2628.4410743460267
383.5                     2770.81574211444
384                       2920.0341791123456
384.5                     3076.203459011594
385                       3239.431388179562
385.5                     3409.826490489698
386                       3587.498016712358
386.5                     3772.555946794565
387                       3965.110986957757
387.5                     4165.27455836908
388                       4375.738040612171
388.5                     4607.045274596323
389                       4849.23693313719
389.5                     5102.478980185298
390                       5366.938491160886
390.5                     5642.783598845879
391                       5930.1835396223205
391.5                     6229.308622176407
392                       6540.3302524167675
392.5                     6863.420907969726
393                       7201.787191830684
393.5                     7573.406837198696
394                       7962.142184344697
394.5                     8368.247658948774
395                       8791.979322286295
395.5                     9233.594791878748
396                       9693.353333181352
396.5                     10171.515779609153
397                       10668.344612114428
397.5                     11184.10387478972
398                       11722.245968997417
398.5                     12312.714783491629
399                       12929.786195202356
399.5                     13573.84576526435
400                       14245.281432304719
400.5                     14944.483459370611
401                       15671.844460527354
401.5                     16427.759414117627
402                       17212.625586793245
402.5                     18026.842689388755
403                       18873.462080479963
403.5                     19801.191411651173
404                       20769.760638056392
404.5                     21779.74692006681
405                       22831.730769846752
405.5                     23926.29616012709
406                       25064.030358909822
406.5                     26245.524105832956
407                       27471.371521225803
407.5                     28742.169989142843
408                       30059.314892355327
408.5                     31500.05290920788
409                       33002.643363401716
409.5                     34567.93841795501
410                       36196.794975367055
410.5                     37890.07493182599
411                       39648.64487637501
411.5                     41473.3762828595
412                       43365.14545152522
412.5                     45324.833537445775
413                       47353.32641765888
413.5                     49604.76004790226
414                       51962.07236994865
414.5                     54421.99602311751
415                       56985.91749364431
415.5                     59655.230646811186
416                       62431.33730075989
416.5                     65315.646706894
417                       68309.575589406
417.5                     71414.54847578256
418                       74631.99740452816
418.5                     77963.36177842582
419                       81410.08894004681
419.5                     84973.6334610593
420                       88655.45754560243
420.5                     92457.03111269818
421                       96379.83140416049
421.5                     100425.3431841967
422                       104595.05883837289
422.5                     108890.47829628868
423                       113313.10884363286
423.5                     118414.96393428456
424                       123784.46284601514
424.5                     129353.10873409943
425                       135123.40132886262
425.5                     141097.85329266658
426                       147278.98995249136
426.5                     153669.34883728856
427                       160271.48047993446
427.5                     167087.94742995055
428                       174121.32608528525
428.5                     181374.20396045456
429                       188849.18151462032
429.5                     196548.8722619834
430                       204475.90152884636
430.5                     212632.90766649076
431                       221022.54126524637
431.5                     229647.46497455655
432                       238510.35466264797
432.5                     247613.89846526718
433                       256960.7961254653
433.5                     267494.8530702674
434                       278636.54954064294
434.5                     290157.39428853575
435                       302061.88311692845
435.5                     314354.5331906944
436                       327039.8826841158
436.5                     340122.4910798701
437                       353606.9389788981
437.5                     367497.82765470026
438                       381799.77876295557
438.5                     396517.4363194122
439                       411655.46433152363
439.5                     427218.54751051456
440                       443211.3922616577
440.5                     459638.7247821258
441                       476505.2930761379
441.5                     493815.86503830284
442                       511575.2296203396
442.5                     529788.1969811899
443                       548459.5963539081
443.5                     569054.989584272
444                       590915.6675298649
444.5                     613471.6784749322
445                       636730.8482137087
445.5                     660701.0414421
446                       685390.1534841978
446.5                     710806.1143352063
447                       736956.8888003625
447.5                     763850.4764550194
448                       791494.9093912748
448.5                     819898.253423141
449                       849068.6095131258
449.5                     879014.1129955879
450                       909742.9292099704
450.5                     941263.2631685948
451                       973583.3471223084
451.5                     1006711.4525420262
452                       1040655.8787088922
452.5                     1075424.9636697886
453                       1111027.076575213
453.5                     1152003.361132698
454                       1197259.1800961092
454.5                     1244159.7393854395
455                       1292723.4379363658
455.5                     1342968.7461211968
456                       1394914.2169914613
456.5                     1448578.472725087
457                       1503980.2207278346
457.5                     1561138.239216434
458                       1620071.3830098787
458.5                     1680798.5813684126
459                       1743338.8479990729
459.5                     1807711.2626878507
460                       1873934.9836796839
460.5                     1942029.2447064577
461                       2012013.3623032107
461.5                     2083906.7125058977
462                       2157728.763816061
462.5                     2233499.043830822
463                       2311237.165746504
463.5                     2390962.8165820516
464                       2472695.7527547264
464.5                     2556455.8066560063
465                       2642262.8882523254
465.5                     2730136.9781086873
466                       2820098.12889238
466.5                     2917675.6915122513
467                       3049594.539154891
467.5                     3186708.9806141844
468                       3329075.1674320935
468.5                     3476749.468244071
469                       3629788.466544467
469.5                     3788248.951269432
470                       3952187.955516691
470.5                     4121662.705415308
471                       4296730.646283352
471.5                     4477449.444066099
472                       4663876.986818128
472.5                     4856071.351476091
473                       5054090.863482181
473.5                     5257994.025117841
474                       5467839.5828045895
474.5                     5683686.488237314
475                       5905593.87722601
475.5                     6133621.143654446
476                       6367827.84771795
476.5                     6608273.795818628
477                       6855018.983879842
477.5                     7108123.623130301
478                       7367648.128261591
478.5                     7633653.137970258
479                       7906199.481991313
479.5                     8185348.211260068
480                       8538490.20515443
480.5                     8935648.259664942
481                       9347698.779527431
481.5                     9774793.667007146
482                       1.0217085281186322E7
482.5                     1.0674726558115682E7
483                       1.1147870978502365E7
483.5                     1.163667252263509E7
484                       1.2141285708598293E7
484.5                     1.26618656394982E7
485                       1.3198567906100072E7
485.5                     1.3751548629410153E7
486                       1.4320964463504143E7
486.5                     1.490697260254411E7
487                       1.5509730755086247E7
487.5                     1.6129397150833555E7
488                       1.6766130580733547E7
488.5                     1.7420090300737236E7
489                       1.809143610875457E7
489.5                     1.8780328398291122E7
490                       1.948692793131895E7
490.5                     2.021139609605895E7
491                       2.0953894814482156E7
491.5                     2.171458643062718E7
492                       2.2777318237406082E7
492.5                     2.3891266726511054E7
493                       2.5013237287812144E7
493.5                     2.614325088046726E7
494                       2.7281328407072432E7
494.5                     2.8427490678375047E7
495                       2.958175853464425E7
495.5                     3.0744152732749198E7
496                       3.1914694059811775E7
496.5                     3.30934031751936E7
497                       3.428030073306307E7
497.5                     3.5475407329484425E7
498                       3.6678743573568806E7
498.5                     3.789032996265623E7
499                       3.9290563846962675E7
499.5                     4.1174402630712986E7
500                       4.3071432730126016E7
500.5                     4.498168706322198E7
501                       4.690519853766449E7
501.5                     4.8841999978171825E7
502                       5.079212399700458E7
502.5                     5.2755603324151225E7
503                       5.473247051346846E7
503.5                     5.672275814552996E7
504                       5.8726498604721345E7
504.5                     6.074372439589713E7
505                       6.27744676765852E7
505.5                     6.4818760838001445E7
506                       6.687663601690997E7
506.5                     6.958984900267194E7
507                       7.262000326330918E7
507.5                     7.567065442596848E7
508                       7.87418511474496E7
508.5                     8.183364194501105E7
509                       8.494607517610486E7
509.5                     8.80791994070057E7
510                       9.12330625586567E7
510.5                     9.440771291620927E7
511                       9.760319862567797E7
511.5                     1.0081956745614727E8
512                       1.0405686715138108E8
512.5                     1.0844078276915663E8
513                       1.129941689708204E8
513.5                     1.1757760295710787E8
514                       1.2219115367048474E8
514.5                     1.268348893863985E8
515                       1.315088785943588E8
515.5                     1.3621318915111896E8
516                       1.4094788929095948E8
516.5                     1.457130468575694E8
517                       1.505087292174958E8
517.5                     1.5533500453104907E8
518                       1.6036698352576485E8
518.5                     1.670927991531311E8
519                       1.7386211047028542E8
519.5                     1.806750132301814E8
520                       1.8753160347345448E8
520.5                     1.9443197635944772E8
521                       2.0137622758897159E8
521.5                     2.0836445180824146E8
522                       2.153967440385524E8
522.5                     2.224731988336327E8
523                       2.2959391113048673E8
523.5                     2.3675897428517315E8
524                       2.4476118459005484E8
524.5                     2.5465351544067955E8
525                       2.6460828434821433E8
525.5                     2.74625623413998E8
526                       2.847056650423618E8
526.5                     2.948485409871346E8
527                       3.0505438278488314E8
527.5                     3.1532332210878175E8
528                       3.2565548944868475E8
528.5                     3.360510155163218E8
529                       3.465100307195216E8
529.5                     3.5703266480454403E8
530                       3.687197228817067E8
530.5                     3.8181404527651334E8
531                       3.9534309244221467E8
531.5                     4.093105330176697E8
532                       4.23720044212697E8
532.5                     4.385753124934562E8
533                       4.538800344649444E8
533.5                     4.696379159367401E8
534                       4.8585267060268235E8
534.5                     5.025280236812732E8
535                       5.196677100700707E8
535.5                     5.372754702337375E8
536                       5.55355058692472E8
536.5                     5.73910233969449E8
537                       5.92944769362561E8
537.5                     6.12462443215428E8
538                       6.32467043544026E8
538.5                     6.529623697221091E8
539                       6.739522273558882E8
539.5                     6.954404337399247E8
540                       7.174308121311558E8
540.5                     7.399271976207657E8
541                       7.629334333000895E8
541.5                     7.864533713751535E8
542                       8.131580473268453E8
542.5                     8.408603084580342E8
543                       8.693456672544208E8
543.5                     8.986202991557631E8
544                       9.286903937532909E8
544.5                     9.595621574920069E8
545                       9.912418081320182E8
545.5                     1.0237355770288047E9
546                       1.0570497154314424E9
546.5                     1.0911904829625354E9
547                       1.1261641554750102E9
547.5                     1.161977026239091E9
548                       1.1986353962889438E9
548.5                     1.2361455879974144E9
549                       1.2745139321866496E9
549.5                     1.3137467757089033E9
550                       1.353850478986555E9
550.5                     1.3948314171843174E9
551                       1.4366959805843103E9
551.5                     1.4794505696247926E9
552                       1.5231016013937073E9
552.5                     1.5676555050759404E9
553                       1.6131187247848375E9
553.5                     1.6612787922502801E9
554                       1.7142531960674462E9
554.5                     1.7686408755619705E9
555                       1.8244524762423925E9
555.5                     1.881698660125092E9
556                       1.9403901156921756E9
556.5                     2.0005375570157359E9
557                       2.0621517126678312E9
557.5                     2.125243345973798E9
558                       2.189823226895559E9
558.5                     2.2559021634408436E9
559                       2.3234909828908443E9
559.5                     2.39260052649419E9
560                       2.463241665699755E9
560.5                     2.535425296985989E9
561                       2.609162327894515E9
561.5                     2.684463695989173E9
562                       2.7613403662660856E9
562.5                     2.8398033171026073E9
563                       2.919863549737164E9
563.5                     3.0015320864367533E9
564                       3.0848199792635303E9
564.5                     3.1697382958976245E9
565                       3.2562981301600966E9
565.5                     3.3511590960752406E9
566                       3.4506446779510574E9
566.5                     3.5525984354659715E9
567                       3.657038034935559E9
567.5                     3.7639811997238574E9
568                       3.87344567235125E9
568.5                     3.9854492286804643E9
569                       4.1000096887053823E9
569.5                     4.2171449074102635E9
570                       4.336872761804045E9
570.5                     4.459211181879637E9
571                       4.5841781212352705E9
571.5                     4.711791562340136E9
572                       4.84206954415603E9
572.5                     4.975030106514148E9
573                       5.110691354813631E9
573.5                     5.249071409827172E9
574                       5.39018843920715E9
574.5                     5.53406062555819E9
575                       5.680706203783149E9
575.5                     5.830143432839712E9
576                       5.982390604969169E9
576.5                     6.137466047473168E9
577                       6.2979008708467045E9
577.5                     6.475468798278638E9
578                       6.657364515144941E9
578.5                     6.843617904502831E9
579                       7.034258880142417E9
579.5                     7.229317449877869E9
580                       7.428823642150399E9
580.5                     7.632807532575232E9
581                       7.841299306052282E9
581.5                     8.054329136026187E9
582                       8.271927308905902E9
582.5                     8.4941241105810995E9
583                       8.720949924077904E9
583.5                     8.952435186434399E9
584                       9.188610332967289E9
584.5                     9.429505919596832E9
585                       9.675152523862728E9
585.5                     9.925580776274754E9
586                       1.0180821380153868E10
586.5                     1.0440905047372038E10
587                       1.0705862582204533E10
587.5                     1.0975724841246391E10
588                       1.1250522704836819E10
588.5                     1.153028711711125E10
589                       1.1834008620218033E10
589.5                     1.2159372942267504E10
590                       1.2492755780763056E10
590.5                     1.2834210684672735E10
591                       1.3183791460134506E10
591.5                     1.3541551755218307E10
592                       1.3907545490958601E10
592.5                     1.4281826635082819E10
593                       1.4664449284293636E10
593.5                     1.505546749329935E10
594                       1.5454935573962616E10
594.5                     1.5862907811861523E10
595                       1.6279438674704878E10
595.5                     1.6704582610753193E10
596                       1.7138394233075268E10
596.5                     1.7580928277789112E10
597                       1.803223945962963E10
597.5                     1.849238264061648E10
598                       1.8961412787745E10
598.5                     1.9439384955716434E10
599                       1.9926354235043488E10
599.5                     2.042237586298412E10
600                       2.0927505120353043E10
600.5                     2.144179740851934E10
601                       2.2030442608613297E10
601.5                     2.263523528822845E10
602                       2.3255151828073406E10
602.5                     2.389029008396308E10
603                       2.4540748191396626E10
603.5                     2.5206624381882175E10
604                       2.5888017087272526E10
604.5                     2.6585024877840645E10
605                       2.729774639941427E10
605.5                     2.8026280611500713E10
606                       2.877072645926785E10
606.5                     2.9531183129610725E10
607                       3.030775006059166E10
607.5                     3.1100526610139545E10
608                       3.1909612466168396E10
608.5                     3.273510741379548E10
609                       3.3577111352110783E10
609.5                     3.443572441994838E10
610                       3.5311046796550896E10
610.5                     3.620317891813325E10
611                       3.7112221296036995E10
611.5                     3.803827458841055E10
612                       3.8981439599583626E10
612.5                     3.999009851814165E10
613                       4.109766313231323E10
613.5                     4.223353560905422E10
614                       4.339789409808946E10
614.5                     4.4590916979843864E10
615                       4.581278286386555E10
615.5                     4.70636706245857E10
616                       4.834375941891399E10
616.5                     4.9653228685350716E10
617                       5.099225810548983E10
617.5                     5.236102762152772E10
618                       5.375971743515096E10
618.5                     5.518850800642586E10
619                       5.6647580071678474E10
619.5                     5.8137114490335E10
620                       5.965729262383043E10
620.5                     6.120829593582239E10
621                       6.279030612346004E10
621.5                     6.440350523137002E10
622                       6.604807549758332E10
622.5                     6.772419917793457E10
623                       6.943205935524503E10
623.5                     7.117183862564362E10
624                       7.294372076147318E10
624.5                     7.49587758084483E10
625                       7.707722810578455E10
625.5                     7.925119604708754E10
626                       8.148101838917186E10
626.5                     8.376703479159645E10
627                       8.610958542512578E10
627.5                     8.850901053505911E10
628                       9.096565079133981E10
628.5                     9.347984800135936E10
629                       9.605194380134682E10
629.5                     9.868228052524933E10
630                       1.0137120068523137E11
630.5                     1.0411904796921815E11
631                       1.0692616567918669E11
631.5                     1.0979289796865063E11
632                       1.127195895625532E11
632.5                     1.1570658518980223E11
633                       1.1875423063125461E11
633.5                     1.2186287154510255E11
634                       1.2503285439602559E11
634.5                     1.2826452596702573E11
635                       1.3155823343793025E11
635.5                     1.3491432450608041E11
636                       1.384689143847775E11
636.5                     1.4260284896813437E11
637                       1.4685540237716345E11
637.5                     1.512272855526568E11
638                       1.5571921065336746E11
638.5                     1.6033189047244882E11
639                       1.6506603880542865E11
639.5                     1.6992237019613098E11
640                       1.7490160043350806E11
640.5                     1.8000444613128018E11
641                       1.8523162447027258E11
641.5                     1.905838538655515E11
642                       1.9606185371238492E11
642.5                     2.016663441287887E11
643                       2.0739804611942337E11
643.5                     2.1325768097547244E11
644                       2.1924597239729016E11
644.5                     2.2536364334296103E11
645                       2.3161141857765012E11
645.5                     2.379900234772928E11
646                       2.445001841938641E11
646.5                     2.511426279955375E11
647                       2.5791808266010733E11
647.5                     2.648272769871738E11
648                       2.729459353306069E11
648.5                     2.8194706988782324E11
649                       2.912332818735778E11
649.5                     3.008062452241655E11
650                       3.106676354773457E11
650.5                     3.2081913002156946E11
651                       3.3126240834868384E11
651.5                     3.419991521336854E11
652                       3.5303104487360077E11
652.5                     3.6435977267359296E11
653                       3.759870222908287E11
653.5                     3.8791448378031525E11
654                       4.0014384827047925E11
654.5                     4.126768097317047E11
655                       4.2551506282700946E11
655.5                     4.38660306120715E11
656                       4.5211423687290344E11
656.5                     4.658785582074479E11
657                       4.7995497191772455E11
657.5                     4.943451825873271E11
658                       5.0905089904233905E11
658.5                     5.2407382836603076E11
659                       5.394156813182735E11
659.5                     5.55484126149772E11
660                       5.810641736341694E11
660.5                     6.077884738152705E11
661                       6.356637598745312E11
661.5                     6.646967707523628E11
662                       6.948942547815037E11
662.5                     7.262629663379872E11
663                       7.588096687526836E11
663.5                     7.925411331736095E11
664                       8.274641368557542E11
664.5                     8.635854662801068E11
665                       9.009119145175221E11
665.5                     9.394502823064159E11
666                       9.792073774550962E11
666.5                     1.0201900166826707E12
667                       1.0624050212626344E12
667.5                     1.1058592226243694E12
668                       1.150559458560453E12
668.5                     1.196512572421943E12
669                       1.2437254181970308E12
669.5                     1.2922048544150676E12
670                       1.341957746373619E12
670.5                     1.392990969924154E12
671                       1.4453114043801E12
671.5                     1.4989259366690352E12
672                       1.553841463804974E12
672.5                     1.6100648847845503E12
673                       1.6676031105491636E12
673.5                     1.726463055480562E12
674                       1.7866516408226511E12
674.5                     1.848175798535032E12
675                       1.9110424635039863E12
675.5                     1.9752585773723699E12
676                       2.0408310900696052E12
676.5                     2.107766959400539E12
677                       2.1760731467010674E12
677.5                     2.2457566226762407E12
678                       2.3168243622655483E12
678.5                     2.3892833485367627E12
679                       2.463140571083102E12
679.5                     2.538403025194991E12
680                       2.6150777134081606E12
680.5                     2.6931716438834824E12
681                       2.7726918307638833E12
681.5                     2.85364529773638E12
682                       2.936039070013207E12
682.5                     3.019880183085646E12
683                       3.105175675888602E12
683.5                     3.3139642367194404E12
684                       3.5486032630867993E12
684.5                     3.791166816078376E12
685                       4.0416973063826206E12
685.5                     4.3002371859781475E12
686                       4.566828945894286E12
686.5                     4.841515116804328E12
687                       5.124338271673114E12
687.5                     5.415341019836005E12
688                       5.714566010451368E12
688.5                     6.022055937230787E12
689                       6.337853524272242E12
689.5                     6.662001543934107E12
690                       6.994542798104187E12
690.5                     7.3355201328255E12
691                       7.684976430670489E12
691.5                     8.042954611350667E12
692                       8.409497633170263E12
692.5                     8.784648492828758E12
693                       9.168450226060977E12
693.5                     9.560945897384371E12
694                       9.962178618300658E12
694.5                     1.0372191532876445E13
695                       1.0791027816655893E13
695.5                     1.1218730696693285E13
696                       1.1655343414237713E13
696.5                     1.2100909266740943E13
697                       1.2555471575549191E13
697.5                     1.3019073703473295E13
698                       1.3491759040992316E13
698.5                     1.39735710222236E13
699                       1.4464553115382348E13
699.5                     1.4964748814850662E13
700                       1.5474201664111908E13
700.5                     1.5992955221233527E13
701                       1.6521053096456342E13
701.5                     1.705853892709216E13
702                       1.760545637986042E13
702.5                     1.8161849169745848E13
703                       1.872776102254868E13
703.5                     1.9303235715424105E13
704                       1.9888317049799953E13
704.5                     2.0483048864217527E13
705                       2.108747502892129E13
705.5                     2.170163944390127E13
706                       2.23255860421926E13
706.5                     2.2959358795857938E13
707                       2.446783244100082E13
707.5                     2.6415942974926957E13
708                       2.8431080237048938E13
708.5                     3.0513581969293254E13
709                       3.2663786178369645E13
709.5                     3.4882031150199484E13
710                       3.7168655437749E13
710.5                     3.9523997855901234E13
711                       4.194839748524998E13
711.5                     4.444219368493125E13
712                       4.700572606245882E13
712.5                     4.9639334481079125E13
713                       5.234335908347139E13
713.5                     5.511814025063667E13
714                       5.79640186400567E13
714.5                     6.088133513900059E13
715                       6.3870430915512445E13
715.5                     6.6931647380732445E13
716                       7.006532617272116E13
716.5                     7.327180922055616E13
717                       7.655143866081764E13
717.5                     7.990455691095419E13
718                       8.333150660562794E13
718.5                     8.68326306373335E13
719                       9.040827213107658E13
719.5                     9.405877447053561E13
720                       9.778448124863038E13
720.5                     1.0158573632327814E14
721                       1.0546288377902603E14
721.5                     1.0941626792178778E14
722                       1.1344623331269542E14
722.5                     1.1755312473322925E14
723                       1.2173728718741205E14
723.5                     1.2599906591154431E14
724                       1.3033880638594006E14
724.5                     1.3475685430354336E14
725                       1.3925355556649402E14
725.5                     1.4382925632231625E14
726                       1.48484302932436E14
726.5                     1.532190419896342E14
727                       1.580338202711832E14
727.5                     1.6292898480936697E14
728                       1.679048828446981E14
728.5                     1.7296186180918053E14
729                       1.7810026936674472E14
729.5                     1.833204533890396E14
730                       1.8862276196167103E14
730.5                     1.9950036910952594E14
731                       2.1592502680170144E14
731.5                     2.3291658458632772E14
732                       2.5047773246308594E14
732.5                     2.686111622906049E14
733                       2.8731956769044344E14
733.5                     3.06605644055032E14
734                       3.264720885986219E14
734.5                     3.4692160024918494E14
735                       3.6795687969152525E14
735.5                     3.8958062936798044E14
736                       4.1179555344403144E14
736.5                     4.3460435778546394E14
737                       4.580097499472247E14
737.5                     4.820144392292117E14
738                       5.066211365947886E14
738.5                     5.318325546399432E14
739                       5.576514076690791E14
739.5                     5.84080411640955E14
740                       6.111222841022979E14
740.5                     6.387797442679959E14
741                       6.670555129708128E14
741.5                     6.959523126426408E14
742                       7.254728673276708E14
742.5                     7.556199026037618E14
743                       7.86396145679582E14
743.5                     8.178043252920392E14
744                       8.498471717717889E14
744.5                     8.825274169604224E14
745                       9.158477942399894E14
745.5                     9.498110385063346E14
746                       9.844198861747105E14
746.5                     1.0196770751774571E15
747                       1.055585344896774E15
747.5                     1.0921474362434889E15
748                       1.1293660915491878E15
748.5                     1.1672440546616062E15
749                       1.2057840708201925E15
749.5                     1.2449888867272472E15
750                       1.2848612505213982E15
750.5                     1.3254039117509385E15
751                       1.3666196213634992E15
751.5                     1.408511131703999E15
752                       1.451081196570545E15
752.5                     1.494332570997877E15
753                       1.5382680115030628E15
753.5                     1.5828902759517605E15
754                       1.6554805349828072E15
754.5                     1.7833445551956152E15
755                       1.9155248738277398E15
755.5                     2.0520407669631862E15
756                       2.1929115213472742E15
756.5                     2.3381564341879865E15
757                       2.4877948131410515E15
757.5                     2.641845976329434E15
758                       2.800329252094279E15
758.5                     2.9632639790650375E15
759                       3.1306695060705475E15
759.5                     3.30256519194855E15
760                       3.478970405583202E15
760.5                     3.659904525892903E15
761                       3.8453869415551025E15
761.5                     4.035437051121347E15
762                       4.230074262827038E15
762.5                     4.4293179946310455E15
763                       4.633187674042511E15
763.5                     4.841702738229874E15
764                       5.05488263353909E15
764.5                     5.272746815885684E15
765                       5.49531475044477E15
765.5                     5.722605911770535E15
766                       5.954639783329878E15
766.5                     6.19143585791557E15
767                       6.433013637214389E15
767.5                     6.679392631945219E15
768                       6.930592361686116E15
768.5                     7.186632354927137E15
769                       7.447532148810324E15
769.5                     7.713311289060363E15
770                       7.983989330405648E15
770.5                     8.259585835724037E15
771                       8.540120376551282E15
771.5                     8.825612532856334E15
772                       9.116081892938596E15
772.5                     9.411548053307442E15
773                       9.712030618755792E15
773.5                     1.0017549202152E16
774                       1.0328123424656074E16
774.5                     1.0643772915104186E16
775                       1.0964517310526378E16
775.5                     1.1290376255779388E16
776                       1.1621369403515748E16
776.5                     1.1957516414117642E16
777                       1.2298836955631004E16
777.5                     1.270029647554583E16
778                       1.3387387899546198E16
778.5                     1.4094584431101332E16
779                       1.4821969775636088E16
779.5                     1.5569627675104228E16
780                       1.6337641907411468E16
780.5                     1.7126096286668574E16
781                       1.7935074662182294E16
781.5                     1.8764660918909876E16
782                       1.96149389764676E16
782.5                     2.0485992789625792E16
783                       2.1377906347335508E16
783.5                     2.2290763672826652E16
784                       2.3224648823180124E16
784.5                     2.4179645889045956E16
785                       2.5155838994508868E16
785.5                     2.6153312296441756E16
786                       2.7172149984776092E16
786.5                     2.8212436281931E16
787                       2.9274255442387816E16
787.5                     3.035769175237506E16
788                       3.1462829530330784E16
788.5                     3.2589753125408428E16
789                       3.3738546918532988E16
789.5                     3.4909295320905668E16
790                       3.6102082774508016E16
790.5                     3.7316993751682136E16
791                       3.8554112754598136E16
791.5                     3.9813524315505208E16
792                       4.109531299575256E16
792.5                     4.2399563385929656E16
793                       4.3726360106048352E16
793.5                     4.5075787803924856E16
794                       4.6447931156563104E16
794.5                     4.7842874868838216E16
795                       4.9260703673190968E16
795.5                     5.0701502330268496E16
796                       5.2165355627490288E16
796.5                     5.3652348379539144E16
797                       5.5162565428137976E16
797.5                     5.6696091641332824E16
798                       5.8253011913268096E16
798.5                     5.9833411164573408E16
799                       6.143737434141932E16
799.5                     6.3064986415333064E16
800                       6.471633238339916E16
800.5                     6.6391497267466832E16
801                       6.8090566114237304E16
801.5                     7.0073155701661416E16
802                       7.2093241474937584E16
802.5                     7.414915730235296E16
803                       7.6241035630229136E16
803.5                     7.8369008945191168E16
804                       8.0533209773571744E16
804.5                     8.2733770681242144E16
805                       8.4970824273018208E16
805.5                     8.7244503192455584E16
806                       8.9554940121218592E16
806.5                     9.1902267778838912E16
807                       9.4286618922398096E16
807.5                     9.670812634562528E16
808                       9.9166922879402576E16
808.5                     1.01663141390473328E17
809                       1.04196914781913664E17
809.5                     1.06768375991445504E17
810                       1.09377657992856832E17
810.5                     1.12024893793922224E17
811                       1.14710216436881184E17
811.5                     1.17433758998212624E17
812                       1.2019565458745888E17
812.5                     1.2299603634779288E17
813                       1.25835037455002624E17
813.5                     1.28712791116631056E17
814                       1.3162943057334688E17
814.5                     1.34585089096576192E17
815                       1.37579899989558624E17
815.5                     1.40613996586013472E17
816                       1.43687512250402928E17
816.5                     1.46800580377238112E17
817                       1.49953334390705408E17
817.5                     1.53145907744293248E17
818                       1.56378433921066144E17
818.5                     1.59651046432167616E17
819                       1.62963878817175104E17
819.5                     1.66317064643247712E17
820                       1.69710737505973376E17
820.5                     1.73145031027385024E17
821                       1.7662007885607936E17
821.5                     1.80136014667828608E17
822                       1.83692972164162912E17
822.5                     1.87291085072251968E17
823                       1.90930487144789376E17
823.5                     1.9461131215947088E17
824                       1.98333693918308256E17
824.5                     2.02097766248173024E17
825                       2.05496508838699328E17
825.5                     2.08826346185024288E17
826                       2.1217606016385872E17
826.5                     2.15545699443228608E17
827                       2.18935312690692096E17
827.5                     2.223449485737296E17
828                       2.25774655759310624E17
828.5                     2.29224482913041632E17
829                       2.32694478701053248E17
829.5                     2.36184691787324224E17
830                       2.39695170835986368E17
830.5                     2.4322596450972736E17
831                       2.46777121470186464E17
831.5                     2.50348690377267392E17
832                       2.53940719890541344E17
832.5                     2.5755325866722288E17
833                       2.61186355363154656E17
833.5                     2.64840058632876128E17
834                       2.68514417129104064E17
834.5                     2.72209479502632448E17
835                       2.75925294402147104E17
835.5                     2.79661910474548672E17
836                       2.83419376364600608E17
836.5                     2.87197740714831392E17
837                       2.9099705216492518E17
837.5                     2.9481735935298259E17
838                       2.9865871091406509E17
838.5                     3.0252115548035091E17
839                       3.0640474168223072E17
839.5                     3.1030951814599507E17
840                       3.1423553349663974E17
840.5                     3.1818283635409472E17
841                       3.2215147533697741E17
841.5                     3.2614149905975846E17
842                       3.3015295613438234E17
842.5                     3.3418589516810912E17
843                       3.3824036476574112E17
843.5                     3.4231641352867226E17
844                       3.464140900537568E17
844.5                     3.5053344293468282E17
845                       3.5467452076092934E17
845.5                     3.5883737211819213E17
846                       3.6302204558829254E17
846.5                     3.67228589748912E17
847                       3.7145705317289018E17
847.5                     3.7570748442926432E17
848                       3.7997993208274445E17
848.5                     3.8396164569082374E17
849                       3.8777366896229037E17
849.5                     3.9158614108449645E17
850                       3.9539903160116083E17
850.5                     3.9921231003588122E17
851                       4.0302594589269088E17
851.5                     4.06839908655736E17
852                       4.1065416778992064E17
852.5                     4.1446869274075962E17
853                       4.1828345293449555E17
853.5                     4.220984177775936E17
854                       4.2591355665871706E17
854.5                     4.2972883894654106E17
855                       4.3354423399110534E17
855.5                     4.3735971112410995E17
856                       4.4117523965858406E17
856.5                     4.4499078888900115E17
857                       4.4880632809121318E17
857.5                     4.5262182652372602E17
858                       4.5643725342566688E17
858.5                     4.6025257801877485E17
859                       4.6406776950742848E17
859.5                     4.6788279707722944E17
860                       4.7169762989637158E17
860.5                     4.755122371161161E17
861                       4.7932658786973056E17
861.5                     4.831406512731408E17
862                       4.8695439642540403E17
862.5                     4.9076779240746112E17
863                       4.9458080828478394E17
863.5                     4.9839341310458451E17
864                       5.0220557589828422E17
864.5                     5.0601726567944154E17
865                       5.0982845144659155E17
865.5                     5.1363910218071507E17
866                       5.1744918684652941E17
866.5                     5.2125867439287226E17
867                       5.2506753375198643E17
867.5                     5.2887573384072698E17
868                       5.3268324355956915E17
868.5                     5.364900317930809E17
869                       5.4029606741058195E17
869.5                     5.4410131926477798E17
870                       5.4790575619481517E17
870.5                     5.517093470225143E17
871                       5.5551206055515142E17
871.5                     5.5931386558491622E17
872                       5.6307465422929837E17
872.5                     5.6678598937267571E17
873                       5.7049249742864058E17
873.5                     5.7419413391756621E17
874                       5.7789085434293914E17
874.5                     5.8158261419261274E17
875                       5.8526936893828826E17
875.5                     5.8895107403602496E17
876                       5.9262768492590362E17
876.5                     5.9629915703187917E17
877                       5.9996544576388275E17
877.5                     6.0362650651542362E17
878                       6.0728229466550349E17
878.5                     6.1093276557781056E17
879                       6.1457787460094323E17
879.5                     6.1821757706891917E17
880                       6.2185182830111782E17
880.5                     6.2548058360269466E17
881                       6.291037982636704E17
881.5                     6.3272142756086131E17
882                       6.3633342675573171E17
882.5                     6.3993975109670579E17
883                       6.4354035581854003E17
883.5                     6.4713519614102054E17
884                       6.5072422727175974E17
884.5                     6.5430740440355814E17
885                       6.5788468271691712E17
885.5                     6.6145601737883174E17
886                       6.6502136354300979E17
886.5                     6.6858067635038182E17
887                       6.7213391092865088E17
887.5                     6.7568102239309133E17
888                       6.7922196584676941E17
888.5                     6.827566963793207E17
889                       6.8628516906929216E17
889.5                     6.8980733898185267E17
890                       6.9332316117075226E17
890.5                     6.9683259067786611E17
891                       7.0033558253215424E17
891.5                     7.0383209175220736E17
892                       7.0732207334462579E17
892.5                     7.1080548230345613E17
893                       7.1428227361294182E17
893.5                     7.1775240224540544E17
894                       7.2121582316185702E17
894.5                     7.2467249131279552E17
895                       7.281223616370601E17
895.5                     7.3158045371539059E17
896                       7.3506965172382323E17
896.5                     7.3855421747704589E17
897                       7.4203411342746522E17
897.5                     7.455093020178281E17
898                       7.4897974568014029E17
898.5                     7.5244540683773926E17
899                       7.5590624790490752E17
899.5                     7.5936223128459648E17
900                       7.6281331937169101E17
900.5                     7.6625947455212646E17
901                       7.6970065920189248E17
901.5                     7.7313683568822656E17
902                       7.7656796636931635E17
902.5                     7.7999401359479488E17
903                       7.8341493970514496E17
903.5                     7.8683070703269299E17
904                       7.9024127790041101E17
904.5                     7.9364661462351194E17
905                       7.9704667950945139E17
905.5                     8.0044143485521523E17
906                       8.0383084295213261E17
906.5                     8.072148660815552E17
907                       8.105934665183712E17
907.5                     8.1396660652868813E17
908                       8.1733424837073114E17
908.5                     8.2069635429574835E17
909                       8.2405288654648922E17
909.5                     8.2740380735922291E17
910                       8.3074907896210957E17
910.5                     8.3408866357620979E17
911                       8.3742252341547456E17
911.5                     8.407506206863337E17
912                       8.4407291758880448E17
912.5                     8.4738937631567206E17
913                       8.5069995905268198E17
913.5                     8.5400462797914342E17
914                       8.5730334526740915E17
914.5                     8.6059607308409408E17
915                       8.6388277358811981E17
915.5                     8.6716340893295642E17
916                       8.7043794126538202E17
916.5                     8.7370633272588134E17
917                       8.7696854544966387E17
917.5                     8.8022454156438426E17
918                       8.8347428319322227E17
918.5                     8.8671773245363546E17
919                       8.8996338091584717E17
919.5                     8.9326893035254899E17
920                       8.9657133126334886E17
920.5                     8.9987055592351283E17
921                       9.0316657660322957E17
921.5                     9.0645936556694976E17
922                       9.0974889507418534E17
922.5                     9.1303513737905523E17
923                       9.1631806473077158E17
923.5                     9.1959764937349798E17
924                       9.2287386354600192E17
924.5                     9.2614667948276352E17
925                       9.2941606941268646E17
925.5                     9.3268200556104922E17
926                       9.3594446014715994E17
926.5                     9.3920340538589197E17
927                       9.4245881348859238E17
927.5                     9.4571065666115072E17
928                       9.4895890710448154E17
928.5                     9.5220353701691584E17
929                       9.5544451859088563E17
929.5                     9.5868182401510374E17
930                       9.6191542547420582E17
930.5                     9.6514529514860429E17
931                       9.6837140521465882E17
931.5                     9.7159372784474099E17
932                       9.7481223520708544E17
932.5                     9.7802689946649408E17
933                       9.8123769278397466E17
933.5                     9.8444458731616371E17
934                       9.8764755521645658E17
934.5                     9.9084656863507354E17
935                       9.9404159971816013E17
935.5                     9.9723262060827814E17
936                       1.00041960344468019E18
936.5                     1.00360252036359181E18
937                       1.00678134349784154E18
937.5                     1.00995604497649498E18
938                       1.01312659692642163E18
938.5                     1.01629297147074445E18
939                       1.01945514072943718E18
939.5                     1.02261307681938675E18
940                       1.02576675185575245E18
940.5                     1.02891613794921638E18
941                       1.03206120720863949E18
941.5                     1.03520193174047552E18
942                       1.03833828364720333E18
942.5                     1.04147023502955725E18
943                       1.04459775798582822E18
943.5                     1.04772082461214579E18
944                       1.05083940700024128E18
944.5                     1.05395347724253146E18
945                       1.05706300742639091E18
945.5                     1.06016796963803264E18
946                       1.06326833596224269E18
946.5                     1.06636407848014029E18
947                       1.06945516927153331E18
947.5                     1.07254158041498419E18
948                       1.07562328398599795E18
948.5                     1.07870025205806771E18
949                       1.08177245670361549E18
949.5                     1.08483986999316992E18
950                       1.08790246399465037E18
950.5                     1.09096021077541043E18
951                       1.0940130824013065E18
951.5                     1.09706105093475571E18
952                       1.10010408843900646E18
952.5                     1.1031421669748695E18
953                       1.10617525860121664E18
953.5                     1.10920333537636954E18
954                       1.11222636935749248E18
954.5                     1.11524433259997811E18
955                       1.11825719715794867E18
955.5                     1.12126493508542861E18
956                       1.12426751843394355E18
956.5                     1.12726491925570419E18
957                       1.13025710959985869E18
957.5                     1.13324406151747648E18
958                       1.13622574705610867E18
958.5                     1.13920213826399373E18
959                       1.14217320718854285E18
959.5                     1.14513892587515213E18
960                       1.14809926637131392E18
960.5                     1.15105420072182682E18
961                       1.15400370097087411E18
961.5                     1.15694773916377318E18
962                       1.15988628734386944E18
962.5                     1.16281931755507021E18
963                       1.16574680184122675E18
963.5                     1.16866871224527616E18
964                       1.17158502080974797E18
964.5                     1.174495699577952E18
965                       1.17740072059244237E18
965.5                     1.18030005589609088E18
966                       1.18319367753145805E18
966.5                     1.1858867058556567E18
967                       1.18850941123386496E18
967.5                     1.19112044808381414E18
968                       1.19371977254387149E18
968.5                     1.19630734075660416E18
969                       1.19888310886484531E18
969.5                     1.20144703301452211E18
970                       1.20399906935450214E18
970.5                     1.20653917403540378E18
971                       1.20906730320989901E18
971.5                     1.21158341303451776E18
972                       1.21408745966718515E18
972.5                     1.21657939926971853E18
973                       1.21905918800535859E18
973.5                     1.22152678204173594E18
974                       1.22398213754921011E18
974.5                     1.22642521069908224E18
975                       1.22885595766912358E18
975.5                     1.23127433463726157E18
976                       1.23368029778641536E18
976.5                     1.2360738033027113E18
977                       1.23845480737485005E18
977.5                     1.24082326619593062E18
978                       1.24317913596141952E18
978.5                     1.24552237287155738E18
979                       1.24785293313002854E18
979.5                     1.25017077294356429E18
980                       1.25247584852306253E18
980.5                     1.25476811608424883E18
981                       1.25704753184481254E18
981.5                     1.25931405202858266E18
982                       1.2615676328625472E18
982.5                     1.26380823057679846E18
983                       1.26603580140790426E18
983.5                     1.2682503015950848E18
984                       1.27045168738264064E18
984.5                     1.27263991501848525E18
985                       1.27481494075622298E18
985.5                     1.27697672085344435E18
986                       1.27912521157202611E18
986.5                     1.28126036917903155E18
987                       1.28338214994642074E18
987.5                     1.28549051015016499E18
988                       1.28758540607233869E18
988.5                     1.28966679399927987E18
989                       1.29173463022248934E18
989.5                     1.2937888710383383E18
990                       1.29582947274861338E18
990.5                     1.29785639166105984E18
991                       1.29986958408717517E18
991.5                     1.30186900634442342E18
992                       1.30385461475702528E18
992.5                     1.30582636565302502E18
993                       1.30778421536662963E18
993.5                     1.3097281202376768E18
994                       1.3116580366118167E18
994.5                     1.31357392084009651E18
995                       1.31547572927998464E18
995.5                     1.317363418294112E18
996                       1.31923694425189965E18
996.5                     1.32109626352756915E18
997                       1.32294133250262477E18
997.5                     1.3247721075644631E18
998                       1.32658854510582938E18
998.5                     1.3283906015265751E18
999                       1.33017823323275187E18
999.5                     1.33195139663654963E18
1000                      1.33371004815696717E18
1000.5                    1.33545414421889792E18
1001                      1.33718364125440896E18
1001.5                    1.3388984957015849E18
1002                      1.3405986640061719E18
1002.5                    1.34228410261956326E18
1003                      1.34395476800069248E18
1003.5                    1.34561061661499238E18
1004                      1.34725160493506637E18
1004.5                    1.34887768944013363E18
1005                      1.35048882661707469E18
1005.5                    1.35208497295950182E18
1006                      1.35366608496732954E18
1006.5                    1.35523211914966272E18
1007                      1.35678303202115942E18
1007.5                    1.35831878010480358E18
1008                      1.35983931992998272E18
1008.5                    1.36134460803527168E18
1009                      1.36283460096464973E18
1009.5                    1.36430925527065446E18
1010                      1.36576852751406822E18
1010.5                    1.3672123742621143E18
1011                      1.36864075209087078E18
1011.5                    1.37005361758334387E18
1012                      1.37145092733138176E18
1012.5                    1.37283263793324851E18
1013                      1.37419870599654016E18
1013.5                    1.37546571945968998E18
1014                      1.37659670970347008E18
1014.5                    1.37770732248185421E18
1015                      1.37879750301490765E18
1015.5                    1.37986719653340211E18
1016                      1.38091634827876403E18
1016.5                    1.38194490350263962E18
1017                      1.38295280746708736E18
1017.5                    1.38394000544578022E18
1018                      1.38490644272205747E18
1018.5                    1.38585206459151411E18
1019                      1.38677681635929318E18
1019.5                    1.38768064334292992E18
1020                      1.38856349086926157E18
1020.5                    1.38942530427802931E18
1021                      1.390266028919296E18
1021.5                    1.39108561015439027E18
1022                      1.39188399335585229E18
1022.5                    1.39266112390825472E18
1023                      1.39341694720751283E18
1023.5                    1.39415140866030899E18
1024                      1.39486445368517837E18
1024.5                    1.3955560277132073E18
1025                      1.39622607618644429E18
1025.5                    1.39687454455885773E18
1026                      1.39750137829614054E18
1026.5                    1.39810652287590554E18
1027                      1.39868992378838528E18
1027.5                    1.39925152653445146E18
1028                      1.39979127662874624E18
1028.5                    1.40030911959693235E18
1029                      1.40080500097793254E18
1029.5                    1.40127886632129434E18
1030                      1.40173066119072538E18
1030.5                    1.40216033116145075E18
1031                      1.4025678218213097E18
1031.5                    1.40295307877016653E18
1032                      1.40331604762139366E18
1032.5                    1.4036566740010304E18
1033                      1.40397490354693811E18
1033.5                    1.4042706819105408E18
1034                      1.40454395475572173E18
1034.5                    1.40479466775901286E18
1035                      1.40502276661146829E18
1035.5                    1.40522819701457741E18
1036                      1.40541090468524877E18
1036.5                    1.40557083535263206E18
1037                      1.40570793475868774E18
1037.5                    1.4058221486590313E18
1038                      1.40591342282286182E18
1038.5                    1.4059817030324969E18
1039                      1.40602693508330189E18
1039.5                    1.40604906478505114E18
1040                      1.4060480379605527E18
1040.5                    1.40602380044530765E18
1041                      1.40597629809097498E18
1041.5                    1.40590547675966285E18
1042                      1.40581128233001446E18
1042.5                    1.40569366069333274E18
1043                      1.40555255775494554E18
1043.5                    1.40538791943387085E18
1044                      1.40519969166352742E18
1044.5                    1.40498782039152896E18
1045                      1.40475225157881574E18
1045.5                    1.40449293120142643E18
1046                      1.40420980524910003E18
1046.5                    1.40390281972625459E18
1047                      1.40357192065072205E18
1047.5                    1.40321705405644595E18
1048                      1.4028381659893015E18
1048.5                    1.40243520251257856E18
1049                      1.40200810970186854E18
1049.5                    1.40155683364790118E18
1050                      1.40108132045739546E18
1050.5                    1.40058151624965888E18
1051                      1.4000573671602281E18
1051.5                    1.39950881933959654E18
1052                      1.39893581895179469E18
1052.5                    1.39833831217671245E18
1053                      1.39771624520921651E18
1053.5                    1.39706956425947085E18
1054                      1.39639821555178496E18
1054.5                    1.39570214532626611E18
1055                      1.39498129983820954E18
1055.5                    1.39423562535720141E18
1056                      1.39346506817040051E18
1056.5                    1.39266957457788109E18
1057                      1.39184909089617997E18
1057.5                    1.39100356345686656E18
1058                      1.39013293860807526E18
1058.5                    1.38923716271186125E18
1059                      1.38831618214707763E18
1059.5                    1.38736994330781184E18
1060                      1.38639839260329267E18
1060.5                    1.38539308431052698E18
1061                      1.38424117380486963E18
1061.5                    1.38306086082829056E18
1062                      1.38185208517897549E18
1062.5                    1.3806147866723607E18
1063                      1.37934890514050586E18
1063.5                    1.37805438043445837E18
1064                      1.37673115242240282E18
1064.5                    1.37537916099067213E18
1065                      1.37399834604420762E18
1065.5                    1.37258864750402022E18
1066                      1.37115000531175117E18
1066.5                    1.36968235942508032E18
1067                      1.36818564982023552E18
1067.5                    1.36665981649260058E18
1068                      1.36510479945456845E18
1068.5                    1.36352053873738189E18
1069                      1.36190697439076941E18
1069.5                    1.36026404648355251E18
1070                      1.35859169510039194E18
1070.5                    1.35688986034720538E18
1071                      1.3551584823486103E18
1071.5                    1.35339750124465894E18
1072                      1.3516068571976512E18
1072.5                    1.34978649038652544E18
1073                      1.34793634100939494E18
1073.5                    1.34605634928401408E18
1074                      1.34414645544519962E18
1074.5                    1.34220659974847821E18
1075                      1.34023672246764365E18
1075.5                    1.33823676389522406E18
1076                      1.33620666434370893E18
1076.5                    1.3341463641430976E18
1077                      1.33205580364442266E18
1077.5                    1.32993492321660339E18
1078                      1.32778366324815872E18
1078.5                    1.32560196414711834E18
1079                      1.32338976634037734E18
1079.5                    1.32114701027548237E18
1080                      1.31887363641768294E18
1080.5                    1.31656958525269709E18
1081                      1.31423479728585549E18
1081.5                    1.31186921304179558E18
1082                      1.3094727730649303E18
1082.5                    1.30704541791907174E18
1083                      1.3045870881879703E18
1083.5                    1.30209772447536102E18
1084                      1.29957726740451738E18
1084.5                    1.29702565761843814E18
1085                      1.29444283578080742E18
1085.5                    1.29182874257421005E18
1086                      1.28918331870165402E18
1086.5                    1.28650650488654822E18
1087                      1.28379824187197005E18
1087.5                    1.28105847042127283E18
1088                      1.27828713131813555E18
1088.5                    1.27548416536617651E18
1089                      1.27264951338935654E18
1089.5                    1.26978311623223066E18
1090                      1.26688491475950157E18
1090.5                    1.2639548498560576E18
1091                      1.26099286242758502E18
1091.5                    1.25799889340004582E18
1092                      1.25497288371986048E18
1092.5                    1.25191477435494835E18
1093                      1.24882450629206195E18
1093.5                    1.24570202054003866E18
1094                      1.2425472581279145E18
1094.5                    1.23936016010554163E18
1095                      1.23614066754369715E18
1095.5                    1.23288872153376947E18
1096                      1.22960426318780083E18
1096.5                    1.226287233639456E18
1097                      1.22293757404306483E18
1097.5                    1.21955522557322778E18
1098                      1.21614012942644096E18
1098.5                    1.2126922268198377E18
1099                      1.20921145899231283E18
1099.5                    1.20569776720232986E18
1100                      1.20215109273170458E18
1100.5                    1.19857137688204518E18
1101                      1.19495856097644621E18
1101.5                    1.19131258635989325E18
1102                      1.18763339439756442E18
1102.5                    1.18392092647725773E18
1103                      1.18017512400754995E18
1103.5                    1.17639592841884518E18
1104                      1.17258328116254874E18
1104.5                    1.16873712371211674E18
1105                      1.16485739756215398E18
1105.5                    1.16094404422924774E18
1106                      1.15699700525179264E18
1106.5                    1.15301622218892954E18
1107                      1.14900163662233843E18
1107.5                    1.14495319015583322E18
1108                      1.14117059567997197E18
1108.5                    1.13748155622917658E18
1109                      1.13376795840848077E18
1109.5                    1.13002976376608038E18
1110                      1.12626693386613568E18
1110.5                    1.12247943028776896E18
1111                      1.11866721462610726E18
1111.5                    1.11483024849289075E18
1112                      1.11096849351458816E18
1112.5                    1.10708191133469043E18
1113                      1.10317046361138074E18
1113.5                    1.0992341120190231E18
1114                      1.09527281824892186E18
1114.5                    1.09128654400661248E18
1115                      1.0872752510152023E18
1115.5                    1.08323890101251021E18
1116                      1.07917745575285811E18
1116.5                    1.07509087700694502E18
1117                      1.07097912656112448E18
1117.5                    1.06684216621735258E18
1118                      1.06267995779431283E18
1118.5                    1.0584924631267753E18
1119                      1.05427964406509043E18
1119.5                    1.05004146247632333E18
1120                      1.04577788024293722E18
1120.5                    1.04148885926444378E18
1121                      1.03717436145578944E18
1121.5                    1.03283434874833677E18
1122                      1.02846878309033485E18
1122.5                    1.02407762644484621E18
1123                      1.01966084079275123E18
1123.5                    1.01521838812992934E18
1124                      1.01075023046914138E18
1124.5                    1.00625632983990438E18
1125                      1.00173664828670682E18
1125.5                    9.9719114787165146E17
1126                      9.9261979067289766E17
1126.5                    9.8802253878460403E17
1127                      9.8339935431747149E17
1127.5                    9.7875019939891072E17
1128                      9.7407503617230707E17
1128.5                    9.69373826798016E17
1129                      9.6464653345232742E17
1129.5                    9.598931183280073E17
1130                      9.5511354363491968E17
1130.5                    9.5030777159883546E17
1131                      9.4547576446258278E17
1131.5                    9.4061748448500403E17
1132                      9.3573289394188058E17
1132.5                    9.3082195512504205E17
1133                      9.2588463034359053E17
1133.5                    9.2092088192316442E17
1134                      9.1593067220534374E17
1134.5                    9.1091396354910976E17
1135                      9.0587071832941645E17
1135.5                    9.0080089893872832E17
1136                      8.957044677855136E17
1136.5                    8.9058138729532646E17
1137                      8.8543161990983219E17
1137.5                    8.8025512808842074E17
1138                      8.7505187430647309E17
1138.5                    8.6982182105651648E17
1139                      8.6456493084770842E17
1139.5                    8.5928116620569626E17
1140                      8.5397048967332109E17
1140.5                    8.4863286381063462E17
1141                      8.4326825119330368E17
1141.5                    8.3787661441523162E17
1142                      8.3245791608634829E17
1142.5                    8.2701211883393075E17
1143                      8.2153918530131046E17
1143.5                    8.1603907815011648E17
1144                      8.1051176005767731E17
1144.5                    8.0495719371887898E17
1145                      7.9937534184541197E17
1145.5                    7.9376616716578227E17
1146                      7.8812963242571418E17
1146.5                    7.8246570038792973E17
1147                      7.7677433383224307E17
1147.5                    7.7105549555495206E17
1148                      7.6530914836993805E17
1148.5                    7.5953525510821261E17
1149                      7.5373377861715776E17
1149.5                    7.4790468176224538E17
1150                      7.4204792742495398E17
1150.5                    7.3616347850480179E17
1151                      7.3025129791788416E17
1151.5                    7.243113485977408E17
1152                      7.1834359349466918E17
1152.5                    7.123479955766711E17
1153                      7.063245178282985E17
1153.5                    7.0027312325159872E17
1154                      6.941937748659744E17
1154.5                    6.8808643570795981E17
1155                      6.823815854849559E17
1155.5                    6.7741683049853478E17
1156                      6.7245060303645594E17
1156.5                    6.674829177995968E17
1157                      6.6251378948723366E17
1157.5                    6.5754323279827686E17
1158                      6.5257126242921101E17
1158.5                    6.4759789307627328E17
1159                      6.426231394344119E17
1159.5                    6.376470161971913E17
1160                      6.326695380566903E17
1160.5                    6.2769071970395686E17
1161                      6.2271057582930458E17
1161.5                    6.1772912112047962E17
1162                      6.1274637026492864E17
1162.5                    6.0776233794851725E17
1163                      6.0277703885555162E17
1163.5                    5.9779048766911347E17
1164                      5.9280269907096397E17
1164.5                    5.8781368774077005E17
1165                      5.8282346835818752E17
1165.5                    5.7783205559998861E17
1166                      5.7283946414214342E17
1166.5                    5.6784570865896986E17
1167                      5.6285080382331181E17
1167.5                    5.5785476430636371E17
1168                      5.5285760477820723E17
1168.5                    5.478593399068E17
1169                      5.4285998435903053E17
1169.5                    5.3785955279926618E17
1170                      5.3285805989176762E17
1170.5                    5.2785552029743904E17
1171                      5.2285194867696307E17
1171.5                    5.1784735968854694E17
1172                      5.1284176798890362E17
1172.5                    5.078351882329127E17
1173                      5.0282763507392435E17
1173.5                    4.9781912316362042E17
1174                      4.928096671514768E17
1174.5                    4.8779928168582758E17
1175                      4.8278798141248358E17
1175.5                    4.777757809758384E17
1176                      4.7276269501869158E17
1176.5                    4.6774873818154726E17
1177                      4.627339251031993E17
1177.5                    4.5771827042023117E17
1178                      4.527017887682896E17
1178.5                    4.4768449478004986E17
1179                      4.4266640308661133E17
1179.5                    4.3764752831731834E17
1180                      4.3262788509942118E17
1180.5                    4.2760748805789613E17
1181                      4.2258635181615776E17
1181.5                    4.175644909954343E17
1182                      4.1254192021466995E17
1182.5                    4.0751865409111629E17
1183                      4.0249470723970688E17
1183.5                    3.9747009427336595E17
1184                      3.9244482980295053E17
1184.5                    3.8741892843699046E17
1185                      3.823924047824857E17
1185.5                    3.7736527344338374E17
1186                      3.7233754902206957E17
1186.5                    3.6730924611853491E17
1187                      3.6228037933068864E17
1187.5                    3.5725096325409498E17
1188                      3.5222101248199846E17
1188.5                    3.4719054160571642E17
1189                      3.4215956521405126E17
1189.5                    3.3712809789331424E17
1190                      3.3209615422808781E17
1190.5                    3.2706374880014541E17
1191                      3.2203089618904947E17
1191.5                    3.1699761097230074E17
1192                      3.1196390772445965E17
1192.5                    3.0692980101828141E17
1193                      3.0189530542367245E17
1193.5                    2.968604355084153E17
1194                      2.9182520583798918E17
1194.5                    2.8678963097489472E17
1195                      2.81753725479751264E17
1195.5                    2.76717503910334016E17
1196                      2.7168098082201152E17
1196.5                    2.6664417076773088E17
1197                      2.61607088298044672E17
1197.5                    2.57096736633197312E17
1198                      2.53253128339321568E17
1198.5                    2.49438351715619232E17
1199                      2.45652474213599552E17
1199.5                    2.4189556326248384E17
1200                      2.38167686267671456E17
1200.5                    2.34468910611945536E17
1201                      2.30799303654269024E17
1201.5                    2.27158932730534432E17
1202                      2.23547865153316256E17
1202.5                    2.19966168211497888E17
1203                      2.16413909170940448E17
1203.5                    2.1289115527365152E17
1204                      2.09397973738413088E17
1204.5                    2.05934431760409024E17
1205                      2.02500596510935488E17
1205.5                    1.99096535137904864E17
1206                      1.95722314765682976E17
1206.5                    1.92378002494568672E17
1207                      1.89063665401279264E17
1207.5                    1.85779370538975424E17
1208                      1.82525184936636736E17
1208.5                    1.79301175599547872E17
1209                      1.76107409509072416E17
1209.5                    1.72943953622657568E17
1210                      1.69810874873734048E17
1210.5                    1.66708240171741856E17
1211                      1.63636116402072736E17
1211.5                    1.6059457042607552E17
1212                      1.57583669080850944E17
1212.5                    1.54603479179489408E17
1213                      1.51654067510845216E17
1213.5                    1.48735500839436864E17
1214                      1.45847845905685984E17
1214.5                    1.4299116942558576E17
1215                      1.4016553809077096E17
1215.5                    1.37371018568694384E17
1216                      1.3460767750214696E17
1216.5                    1.31875581509879728E17
1217                      1.29174797185529712E17
1217.5                    1.2650539109870952E17
1218                      1.23867429794463584E17
1218.5                    1.21260979793042784E17
1219                      1.18710587406793584E17
1219.5                    1.1624538147545208E17
1220                      1.1381547036592544E17
1220.5                    1.11420926995029536E17
1221                      1.09061824252180432E17
1221.5                    1.0673823499935728E17
1222                      1.04450232071301504E17
1222.5                    1.02197888275288528E17
1223                      9.998127639092104E16
1223.5                    9.7800469170542176E16
1224                      9.5655539338644E16
1224.5                    9.3546559592431216E16
1225                      9.1473602601315264E16
1225.5                    8.9436741007157824E16
1226                      8.743604742393568E16
1226.5                    8.547159443817808E16
1227                      8.3543454608395776E16
1227.5                    8.1651700465390016E16
1228                      7.9796404512283296E16
1228.5                    7.7977639224098112E16
1229                      7.6195477048067264E16
1229.5                    7.4449990403557264E16
1230                      7.2741251681927376E16
1230.5                    7.1069333246344872E16
1231                      6.943430743237768E16
1231.5                    6.7836246547119872E16
1232                      6.627522286958996E16
1232.5                    6.4751308651044632E16
1233                      6.3264576114232608E16
1233.5                    6.1815097453794768E16
1234                      6.0263593550347448E16
1234.5                    5.8732566041008944E16
1235                      5.7229133713667128E16
1235.5                    5.5753351024373176E16
1236                      5.4305272407900128E16
1236.5                    5.2884952277772456E16
1237                      5.1492445026579264E16
1237.5                    5.0127805025330376E16
1238                      4.8791086623834656E16
1238.5                    4.7482344150665344E16
1239                      4.6201631912994896E16
1239.5                    4.494900419657112E16
1240                      4.372451526597736E16
1240.5                    4.252821936410728E16
1241                      4.1360170712698096E16
1241.5                    4.0220423511761584E16
1242                      3.9109031940096272E16
1242.5                    3.8026050154838376E16
1243                      3.6971532291635648E16
1243.5                    3.5945532464591948E16
1244                      3.4948104766288516E16
1244.5                    3.3979303267695788E16
1245                      3.3039182018107064E16
1245.5                    3.2127795045280916E16
1246                      3.1245196355232424E16
1246.5                    3.0391439932430916E16
1247                      2.9566579739470312E16
1247.5                    2.8770669717333104E16
1248                      2.8003763785280924E16
1248.5                    2.7191669760953788E16
1249                      2.634729749560218E16
1249.5                    2.5523322803684912E16
1250                      2.47197842152067E16
1250.5                    2.3936720244524192E16
1251                      2.3174169390595588E16
1251.5                    2.2432170136755316E16
1252                      2.1710760950908948E16
1252.5                    2.1009980285307772E16
1253                      2.032986657673306E16
1253.5                    1.96704582462372E16
1254                      1.9031793699483648E16
1254.5                    1.8413911326277216E16
1255                      1.7816849501004304E16
1255.5                    1.7240646582274058E16
1256                      1.6685340913092534E16
1256.5                    1.6150970820759236E16
1257                      1.5637574616947252E16
1257.5                    1.5145190597572E16
1258                      1.4673857042854804E16
1258.5                    1.4223612217264124E16
1259                      1.3794494369562692E16
1259.5                    1.338654173268743E16
1260                      1.2999792523908528E16
1260.5                    1.2634284944620016E16
1261                      1.2290057180420848E16
1261.5                    1.192178101656848E16
1262                      1.152683368931828E16
1262.5                    1.1146520357321138E16
1263                      1.078086755601604E16
1263.5                    1.0429901809870982E16
1264                      1.009364963240149E16
1264.5                    9.772137525998302E15
1265                      9.465391982215514E15
1265.5                    9.173439481525434E15
1266                      8.896306493365301E15
1266.5                    8.634019476195591E15
1267                      8.386604877366937E15
1267.5                    8.154089133279923E15
1268                      7.936498669201334E15
1268.5                    7.733859899379067E15
1269                      7.54619922694286E15
1269.5                    7.336177429153092E15
1270                      7.107555231265214E15
1270.5                    6.886057555700395E15
1271                      6.671697242513944E15
1271.5                    6.464487126427559E15
1272                      6.264440036751351E15
1272.5                    6.071568797470032E15
1273                      5.885886227170599E15
