293                       2.7910262763204727E10
293                       2.7910262763204727E10
293.5                     3.05565495876033E10
294                       3.347345237373575E10
294.5                     3.670654967184006E10
295                       4.022333459463213E10
295.5                     4.4321875803499146E10
296                       4.850182408936751E10
296.5                     5.276402166143788E10
297                       5.839395979046195E10
297.5                     6.498501522387583E10
298                       7.170627931427771E10
298.5                     7.855907866034651E10
299                       8.554477515393666E10
299.5                     9.266477389857431E10
300                       9.992040340258405E10
300.5                     1.092014681646949E11
301                       1.2589679779817415E11
301.5                     1.4292011106575067E11
302                       1.6027477288768323E11
302.5                     1.7796410721391104E11
303                       1.959915032067558E11
303.5                     2.143603766034548E11
304                       2.3307407301823364E11
304.5                     2.521359830380108E11
305                       2.7154959350785342E11
305.5                     2.9131827680276154E11
306                       3.114454435107457E11
306.5                     3.3193466064787756E11
307                       3.527892750904173E11
307.5                     3.740128042926104E11
308                       4.101697759842373E11
308.5                     4.6752324608140955E11
309                       5.259468455300685E11
309.5                     5.854506904704695E11
310                       6.460451903236973E11
310.5                     7.077405389600051E11
311                       7.705472127509896E11
311.5                     8.34475483249478E11
312                       8.995358281603995E11
312.5                     9.657386604978746E11
313                       1.0330945059495792E12
313.5                     1.1016137890429314E12
314                       1.1713071643226887E12
314.5                     1.2421850823677341E12
315                       1.314258225761398E12
315.5                     1.4560254995507073E12
316                       1.6416079598058599E12
316.5                     1.8304814820656587E12
317                       2.0226757216740261E12
317.5                     2.218220398120247E12
318                       2.4171453662150317E12
318.5                     2.6194803791604062E12
319                       2.825255672278936E12
319.5                     3.0345010085499795E12
320                       3.2472468222283286E12
320.5                     3.4635230077945225E12
321                       3.683360139673899E12
321.5                     3.9067884328576567E12
322                       4.1338384068276987E12
322.5                     4.3645405400017915E12
323                       4.810048603912448E12
323.5                     5.335234903866359E12
324                       5.902210093683135E12
324.5                     6.51192610243888E12
325                       7.165344883929128E12
325.5                     7.863438434552105E12
326                       8.607189440462501E12
326.5                     9.39759119484088E12
327                       1.0235646739325234E13
327.5                     1.1122369854726602E13
328                       1.2058784667917193E13
328.5                     1.3045926069152877E13
329                       1.408483873410848E13
329.5                     1.517657868051132E13
330                       1.6322211844882795E13
330.5                     1.7522814988218379E13
331                       1.8779475457455152E13
331.5                     2.009329107120813E13
332                       2.1465370510048688E13
332.5                     2.2896833021166457E13
333                       2.438880829553718E13
333.5                     2.5942436862497316E13
334                       2.755887021420244E13
334.5                     2.9239270206712383E13
335                       3.09848098973208E13
335.5                     3.2796673041209523E13
336                       3.4676053362113676E13
336.5                     3.662415664450313E13
337                       3.864219883275672E13
337.5                     4.1271046061132484E13
338                       4.568818998151339E13
338.5                     5.036170038428314E13
339                       5.5296678208036414E13
339.5                     6.049827335079308E13
340                       6.597168474672194E13
340.5                     7.172215754948075E13
341                       7.77549865920213E13
341.5                     8.407551511552333E13
342                       9.068913397795073E13
342.5                     9.760128380237836E13
343                       1.048174525456639E14
343.5                     1.1234317777134677E14
344                       1.2018404597177098E14
344.5                     1.2834569139566105E14
345                       1.3683379918203623E14
345.5                     1.4565410180425144E14
346                       1.5481238094273984E14
346.5                     1.643144686188933E14
347                       1.7416624529465688E14
347.5                     1.8437364038630572E14
348                       1.949426336409072E14
348.5                     2.0587925329695478E14
349                       2.171895784327853E14
349.5                     2.2887973636965875E14
350                       2.4095590416962394E14
350.5                     2.5342430919862316E14
351                       2.662912285769266E14
351.5                     2.7956298898064372E14
352                       2.9324596617442944E14
352.5                     3.157097112367733E14
353                       3.435846278997416E14
353.5                     3.729276743759881E14
354                       4.0376553640291575E14
354.5                     4.361251226694577E14
355                       4.7003356759056706E14
355.5                     5.055182294717483E14
356                       5.426066903364554E14
356.5                     5.813267587358866E14
357                       6.217064671572874E14
357.5                     6.637740741544206E14
358                       7.075580633418425E14
358.5                     7.530871447204345E14
359                       8.003902534932081E14
359.5                     8.49496552097124E14
360                       9.004354292880176E14
360.5                     9.532364998939521E14
361                       1.0079296054184001E15
361.5                     1.0645448155367629E15
362                       1.1231124253517791E15
362.5                     1.1836629608615325E15
363                       1.2462271694911458E15
363.5                     1.3108360322709032E15
364                       1.377520755063274E15
364.5                     1.4463127719687725E15
365                       1.5172437457790138E15
365.5                     1.590345567814787E15
366                       1.6656503555541028E15
366.5                     1.7431904580287018E15
367                       1.8316982966153622E15
367.5                     2.0190037867791065E15
368                       2.2169756917737838E15
368.5                     2.425798149279566E15
369                       2.6456567079685095E15
369.5                     2.8767383203150835E15
370                       3.119231349249995E15
370.5                     3.373325570687723E15
371                       3.6392121666992135E15
371.5                     3.917083735541318E15
372                       4.2071342836850815E15
372.5                     4.509559232496982E15
373                       4.824555416865501E15
373.5                     5.152321084746874E15
374                       5.493055900817337E15
374.5                     5.846960941783809E15
375                       6.214238702760228E15
375.5                     6.595093093523865E15
376                       6.989729440655592E15
376.5                     7.398354488270735E15
377                       7.821176395460955E15
377.5                     8.258404742352444E15
378                       8.710250522383834E15
378.5                     9.176926149035756E15
379                       9.658645455704994E15
379.5                     1.0155623691030178E16
380                       1.0668077522671516E16
380.5                     1.1196225038161546E16
381                       1.1740285741545992E16
381.5                     1.2300480557165514E16
382                       1.2877031822710734E16
382.5                     1.3470163304960078E16
383                       1.4080100173359306E16
383.5                     1.470706903133869E16
384                       1.5351297887266616E16
384.5                     1.6013016177397934E16
385                       1.6692454747460984E16
385.5                     1.7389845864668426E16
386                       1.8105423211843964E16
386.5                     1.8839421887448388E16
387                       1.9592078407648028E16
387.5                     2.0363630702636064E16
388                       2.1154318120726936E16
388.5                     2.196438141915196E16
389                       2.2794062776887992E16
389.5                     2.3643605781172004E16
390                       2.4513255434456996E16
390.5                     2.5403258149999484E16
391                       2.6313861755499472E16
391.5                     2.7245315489898184E16
392                       2.8197869997421052E16
392.5                     2.9171777337710004E16
393                       3.0167290981243724E16
393.5                     3.1184665799677032E16
394                       3.2224158074680656E16
394.5                     3.3286025498073096E16
395                       3.437052716287092E16
395.5                     3.5477923568640412E16
396                       3.6608476620611272E16
396.5                     3.7762449625062776E16
397                       3.9845561427680024E16
397.5                     4.2073135887938216E16
398                       4.4370073259895752E16
398.5                     4.6737286060062952E16
399                       4.9175692090544264E16
399.5                     5.1686214443815408E16
400                       5.4269781483569128E16
400.5                     5.692732685976576E16
401                       5.9659789490097096E16
401.5                     6.2468113569229816E16
402                       6.5353248550772264E16
402.5                     6.8316149165313224E16
403                       7.1357775391230432E16
403.5                     7.4479092475659264E16
404                       7.768107090778992E16
404.5                     8.096468643590744E16
405                       8.4330920042198912E16
405.5                     8.7780757962902928E16
406                       9.1315191655531328E16
406.5                     9.4935217822085952E16
407                       9.8641838393462624E16
407.5                     1.02436060508122672E17
408                       1.06318896542863216E17
408.5                     1.10291364070406032E17
409                       1.14354485889242032E17
409.5                     1.18509289984804048E17
410                       1.22756809554139392E17
410.5                     1.2709808298808768E17
411                       1.31534153855118592E17
411.5                     1.36066070916521744E17
412                       1.40694888106894144E17
412.5                     1.45421664531808E17
413                       1.50247464471068832E17
413.5                     1.55173357353024E17
414                       1.60200417773211648E17
414.5                     1.65329725467256128E17
415                       1.70562365320580928E17
415.5                     1.75899427345321984E17
416                       1.81342006698064832E17
416.5                     1.86891203654266848E17
417                       1.92548123599426912E17
417.5                     1.9831387704115808E17
418                       2.04189579592357056E17
418.5                     2.10176351955136512E17
419                       2.162753199329096E17
419.5                     2.2248761440952384E17
420                       2.28814371343479808E17
420.5                     2.35256731782644032E17
421                       2.41815841810340832E17
421.5                     2.48492852593648512E17
422                       2.55288920333966976E17
422.5                     2.62205206284015264E17
423                       2.69242876720878208E17
423.5                     2.76403102968217088E17
424                       2.83687061349164992E17
424.5                     2.9109593321221568E17
425                       2.9863090491377152E17
425.5                     3.0629316779904032E17
426                       3.140839182055232E17
426.5                     3.213860035045289E17
427                       3.2858739305517715E17
427.5                     3.3588464637054842E17
428                       3.4327852296082643E17
428.5                     3.507697850209815E17
429                       3.5835919739391405E17
429.5                     3.6604752760814739E17
430                       3.7383554583422714E17
430.5                     3.8172402490150624E17
431                       3.8971374028463411E17
431.5                     3.978054700978919E17
432                       4.0599999509356947E17
432.5                     4.1429809865360768E17
433                       4.2270056678112896E17
433.5                     4.3120818810013274E17
434                       4.3982175384146605E17
434.5                     4.4854205784662394E17
435                       4.5736989656201395E17
435.5                     4.6630606902615558E17
436                       4.7535137685524096E17
436.5                     4.845066242696E17
437                       4.9377261805401747E17
437.5                     5.031501675571801E17
438                       5.1264008470711981E17
438.5                     5.2224318398670688E17
439                       5.3196028243040096E17
439.5                     5.4179219961375053E17
440                       5.5173975767065734E17
440.5                     5.6180378124042592E17
441                       5.7198509752765843E17
441.5                     5.8228453622690893E17
442                       5.9270292956212698E17
442.5                     6.0324111227623949E17
443                       6.1389992160243904E17
443.5                     6.2468019727430182E17
444                       6.3558278151804147E17
444.5                     6.4660851905082675E17
445                       6.5775825705456742E17
445.5                     6.6903284518934618E17
446                       6.804331355934112E17
446.5                     6.9195998284268928E17
447                       7.0361424398310042E17
447.5                     7.1539677849613197E17
448                       7.2730844831588467E17
448.5                     7.3935011779105587E17
449                       7.5152265371797171E17
449.5                     7.638269253040233E17
450                       7.7626380416252685E17
450.5                     7.8883416432867584E17
451                       8.0153888222398323E17
451.5                     8.1437883668371597E17
452                       8.273549089145705E17
452.5                     8.4046798251079014E17
453                       8.5371894343605837E17
453.5                     8.6710868002338995E17
454                       8.80638082975184E17
454.5                     8.9430804533486438E17
455                       9.0811946250182362E17
455.5                     9.2207323221979341E17
456                       9.3348900168789594E17
456.5                     9.4303210613287245E17
457                       9.5252498571189658E17
457.5                     9.6196635707950323E17
458                       9.7135493016745946E17
458.5                     9.8068940817037082E17
459                       9.8996848757797606E17
459.5                     9.9919085818177562E17
460                       1.00835520306223296E18
460.5                     1.01746019863220326E18
461                       1.02650451462434842E18
461.5                     1.03548681411559066E18
462                       1.04440575351430502E18
462.5                     1.0532599826047209E18
463                       1.0620481445343223E18
463.5                     1.07076887582072653E18
464                       1.0794208063878071E18
464.5                     1.08800255954748787E18
465                       1.09651275202510426E18
465.5                     1.10494999397041715E18
466                       1.11331288897056115E18
466.5                     1.12160003404631808E18
467                       1.12981001969309005E18
467.5                     1.13794142985115584E18
468                       1.14599284195248832E18
468.5                     1.15396282692297549E18
469                       1.1618499491882967E18
469.5                     1.16965276667014886E18
470                       1.17736983083408922E18
470.5                     1.18499968667849702E18
471                       1.1925408727521216E18
471.5                     1.19999192115041766E18
472                       1.20735135755850675E18
472.5                     1.21461770123213312E18
473                       1.22178946503511091E18
473.5                     1.22886515542993843E18
474                       1.23584327250572672E18
474.5                     1.24272230998262477E18
475                       1.24950075521812173E18
475.5                     1.25617708925151437E18
476                       1.26274978676432998E18
476.5                     1.26921731613492301E18
477                       1.27557813943507123E18
477.5                     1.28183071245284685E18
478                       1.28797348467263642E18
478.5                     1.29400489934520909E18
479                       1.2999233934370281E18
479.5                     1.30572739770285338E18
480                       1.31141533664501018E18
480.5                     1.31698562856156186E18
481                       1.3224366855575063E18
481.5                     1.32776691353695872E18
482                       1.33297471223095219E18
482.5                     1.33805847520754534E18
483                       1.34301658990008499E18
483.5                     1.34784743758648986E18
484                       1.35254939343460915E18
484.5                     1.35712082650726784E18
485                       1.36156009975738291E18
485.5                     1.36631370712477184E18
486                       1.37157048300405709E18
486.5                     1.37673439675375846E18
487                       1.38180423155306214E18
487.5                     1.38677876608139418E18
488                       1.39165677452756966E18
488.5                     1.39643702660342733E18
489                       1.40111828753738701E18
489.5                     1.40569931811268198E18
490                       1.41017887464864717E18
490.5                     1.41455570902786483E18
491                       1.41882856871918899E18
491.5                     1.42299619674050074E18
492                       1.42705733173285274E18
492.5                     1.43101070791861914E18
493                       1.43485505514172006E18
493.5                     1.43858909886794701E18
494                       1.44221156019321754E18
494.5                     1.4457211558600192E18
495                       1.44911659826695066E18
495.5                     1.45239659547709338E18
496                       1.4555598512287319E18
496.5                     1.45860506495202637E18
497                       1.46153093176678989E18
497.5                     1.46433614250869888E18
498                       1.46701938372706867E18
498.5                     1.46957933771489587E18
499                       1.4720146824909737E18
499.5                     1.47432409182630682E18
500                       1.47650623526603136E18
500.5                     1.478559778132032E18
501                       1.48048338151556429E18
501.5                     1.48227570231140096E18
502                       1.48393539322901555E18
502.5                     1.48546110278640486E18
503                       1.48685147533595392E18
503.5                     1.48810515107064038E18
504                       1.4892207660314025E18
504.5                     1.4901969521245289E18
505                       1.49103233713162112E18
505.5                     1.49172554472081203E18
506                       1.49227519444145766E18
506.5                     1.49267990178622566E18
507                       1.49293827812346317E18
507.5                     1.49304893077979494E18
508                       1.4930104630196224E18
508.5                     1.4928214740472919E18
509                       1.49248055904683162E18
509.5                     1.49198630917006848E18
510                       1.49133731155703552E18
510.5                     1.4905321493447465E18
511                       1.48956940168253901E18
511.5                     1.48844764373956429E18
512                       1.48716544671752346E18
512.5                     1.48572137785945344E18
513                       1.48411400047051469E18
513.5                     1.48234187391615027E18
514                       1.48040355364694886E18
514.5                     1.4782975911926761E18
515                       1.47678286480565094E18
515.5                     1.47734680968496461E18
516                       1.47785922005714125E18
516.5                     1.47831972184476006E18
517                       1.47872794022777549E18
517.5                     1.47908349966010394E18
518                       1.47938602384627661E18
518.5                     1.4796351357773911E18
519                       1.4798304576993175E18
519.5                     1.47997161114325453E18
520                       1.4800582169090391E18
520.5                     1.48008989508192486E18
521                       1.48006626502981914E18
521.5                     1.47998694540466995E18
522                       1.47985155414524928E18
522.5                     1.47965970848564864E18
523                       1.47941102494380518E18
523.5                     1.47910511935005542E18
524                       1.47874160682130176E18
524.5                     1.47832010178243789E18
525                       1.4778402179576087E18
525.5                     1.47730156839333709E18
526                       1.47670376542568499E18
526.5                     1.47604642071869107E18
527                       1.47532914525192064E18
527.5                     1.4745515493188096E18
528                       1.47371324253752269E18
528.5                     1.47281383384783642E18
529                       1.4718529315190935E18
529.5                     1.47083014315302784E18
530                       1.46974507568281498E18
530.5                     1.46859733537507251E18
531                       1.46738652783562419E18
531.5                     1.46611225801380045E18
532                       1.46477413019763072E18
532.5                     1.46337174803181082E18
533                       1.46190471449839002E18
533.5                     1.46037263194395238E18
534                       1.45877510206174182E18
534.5                     1.45711172589892454E18
535                       1.45538210388181811E18
535.5                     1.4535858357760663E18
536                       1.4519979766543273E18
536.5                     1.45087926379831962E18
537                       1.44973525783301811E18
537.5                     1.4485659273650793E18
538                       1.44737124132787533E18
538.5                     1.44615116899002829E18
539                       1.44490567993778816E18
539.5                     1.4436347440914647E18
540                       1.44233833169650534E18
540.5                     1.44101641332807962E18
541                       1.43966895988444211E18
541.5                     1.4382959425971881E18
542                       1.43689733301488205E18
542.5                     1.43547310302305997E18
543                       1.43402322482536141E18
543.5                     1.43254767095546752E18
544                       1.43104641427282176E18
544.5                     1.42951942796320947E18
545                       1.427966685531072E18
545.5                     1.42638816081660365E18
546                       1.42478382797482931E18
546.5                     1.42315366149023923E18
547                       1.42149763617325389E18
547.5                     1.41981572715156992E18
548                       1.41810790988497408E18
548.5                     1.4163741601499689E18
549                       1.41461445404957645E18
549.5                     1.41282876800629837E18
550                       1.41101707877288115E18
550.5                     1.40917936341586816E18
551                       1.40731559932548787E18
551.5                     1.40542576421883392E18
552                       1.40350983613272371E18
552.5                     1.40156779341816781E18
553                       1.39959961475387622E18
553.5                     1.39760527913645363E18
554                       1.3955847658887977E18
554.5                     1.39353805463968512E18
555                       1.39146512535493299E18
555.5                     1.38936595830996838E18
556                       1.3872405340902272E18
556.5                     1.38508883361913677E18
557                       1.38283027537594982E18
557.5                     1.38043754116264934E18
558                       1.3780087307703808E18
558.5                     1.37554374722862694E18
559                       1.37304249371036544E18
559.5                     1.37050487352876518E18
560                       1.36793079013017779E18
560.5                     1.36532014710521318E18
561                       1.36267284818629734E18
561.5                     1.35998879724061133E18
562                       1.3572678982757504E18
562.5                     1.35451005544915558E18
563                       1.35171517304723738E18
563.5                     1.3488831555076416E18
564                       1.3460139073973312E18
564.5                     1.34310733344522163E18
565                       1.34016333849504973E18
565.5                     1.3371818275557801E18
566                       1.33416270576456422E18
566.5                     1.33110587840747366E18
567                       1.32801125091034061E18
567.5                     1.32487872884460058E18
568                       1.32170821791802419E18
568.5                     1.31849962399196698E18
569                       1.3152528530625897E18
569.5                     1.31196781127242419E18
570                       1.3086444049086743E18
570.5                     1.30528254040147763E18
571                       1.3018821243235863E18
571.5                     1.29844306339536768E18
572                       1.29496526447772902E18
572.5                     1.29144863457759155E18
573                       1.28789308085101619E18
573.5                     1.2842985105916521E18
574                       1.28066483124407296E18
574.5                     1.27699195039316634E18
575                       1.27327977577114163E18
575.5                     1.26952821525969382E18
576                       1.26573717687876787E18
576.5                     1.2619065688025577E18
577                       1.25803629934326656E18
577.5                     1.25412627696317056E18
578                       1.25029823940700237E18
578.5                     1.24654474054362598E18
579                       1.24276328540624E18
579.5                     1.23895387453036595E18
580                       1.23511650877640576E18
580.5                     1.23125118933469722E18
581                       1.22735791771582157E18
581.5                     1.22343669576179098E18
582                       1.21948752563479706E18
582.5                     1.21551040982176333E18
583                       1.21150535113536589E18
583.5                     1.20747235270936883E18
584                       1.20341141800325299E18
584.5                     1.19932255079597594E18
585                       1.19520575518800102E18
585.5                     1.19106103560232115E18
586                       1.18688839677604429E18
586.5                     1.18268784377977907E18
587                       1.1784593819882007E18
587.5                     1.17420301710418816E18
588                       1.16991875514723942E18
588.5                     1.16560660245235226E18
589                       1.16126656567210291E18
589.5                     1.15689865177502234E18
590                       1.1525028680509216E18
590.5                     1.1480792220974793E18
591                       1.14362772182928461E18
591.5                     1.13914837547891891E18
592                       1.13464119158992E18
592.5                     1.13010617901454029E18
593                       1.12554334692729459E18
593.5                     1.12095270480645965E18
594                       1.1163342624465545E18
594.5                     1.11168802994571942E18
595                       1.10701401772323917E18
595.5                     1.10231223649643328E18
596                       1.09758269730320102E18
596.5                     1.0928254114771328E18
597                       1.08804039067127232E18
597.5                     1.08322764683812122E18
598                       1.07838719224239539E18
598.5                     1.07351903944926899E18
599                       1.06883034570329702E18
599.5                     1.06425022872633165E18
600                       1.0596597918148279E18
600.5                     1.05505917165676954E18
601                       1.05044850546238758E18
601.5                     1.04582793094457856E18
602                       1.04119758634077965E18
602.5                     1.03655761038762432E18
603                       1.03190814233890611E18
603.5                     1.02724932195445619E18
604                       1.02258128949638285E18
604.5                     1.01790418573453696E18
605                       1.01321815194569882E18
605.5                     1.00852332990346138E18
606                       1.00381986187906867E18
606.5                     9.9910789065515494E17
607                       9.943875594986656E17
607.5                     9.8965901218512486E17
608                       9.8492239296965747E17
608.5                     9.8017784661786253E17
609                       9.7542551837498125E17
609.5                     9.7066555398093478E17
610                       9.6589809966418253E17
610.5                     9.611233021438656E17
611                       9.563413086224288E17
611.5                     9.5155226678655155E17
612                       9.4675632480871616E17
612.5                     9.4195363134098266E17
613                       9.3714433551776064E17
613.5                     9.3232858695258394E17
614                       9.2750653573667597E17
614.5                     9.2267833243235226E17
615                       9.1784412808769254E17
615.5                     9.1300407421383846E17
616                       9.0815832279815309E17
616.5                     9.0330702630008026E17
617                       8.9845033764449498E17
617.5                     8.935884102254825E17
618                       8.8872139790647539E17
618.5                     8.8384945500955584E17
619                       8.7897273632701965E17
619.5                     8.7409139710724518E17
620                       8.6944571676128128E17
620.5                     8.6490332782531456E17
621                       8.603741544401696E17
621.5                     8.5585846906865408E17
622                       8.5135654479993024E17
622.5                     8.4686865535082099E17
623                       8.4239507506145651E17
623.5                     8.3793607889438618E17
624                       8.3349194243084672E17
624.5                     8.2906294187307366E17
625                       8.2464935403675597E17
625.5                     8.2025145635079398E17
626                       8.1586952685483725E17
626.5                     8.1150384420197683E17
627                       8.0715468764793344E17
627.5                     8.0282233705470426E17
628                       7.9850707288812032E17
628.5                     7.9420917621312794E17
629                       7.8992892869686118E17
629.5                     7.8566661259805581E17
630                       7.8142251077175386E17
630.5                     7.7719690666753254E17
631                       7.7299008432181594E17
631.5                     7.6880232835901773E17
632                       7.6463392399273664E17
632.5                     7.6048515701937037E17
633                       7.5635631381300032E17
633.5                     7.522476813329015E17
634                       7.4815954711114701E17
634.5                     7.4409219925781274E17
635                       7.4004592645656038E17
635.5                     7.3602101796018534E17
636                       7.3201776359186675E17
636.5                     7.280364537400471E17
637                       7.2407737936241434E17
637.5                     7.2014083197334054E17
638                       7.1622710365124826E17
638.5                     7.123364870348576E17
639                       7.084692753173632E17
639.5                     7.0462576224295898E17
640                       7.008062421143328E17
640.5                     6.9701100978240179E17
641                       6.9337533550143386E17
641.5                     6.8980315330876762E17
642                       6.862647284445417E17
642.5                     6.8276041147189184E17
643                       6.7929055356892659E17
643.5                     6.7585550651769203E17
644                       6.7245562270769408E17
644.5                     6.690912551328521E17
645                       6.657627573828279E17
645.5                     6.6247048365186778E17
646                       6.592147887259305E17
646.5                     6.559960279841728E17
647                       6.5281455740048576E17
647.5                     6.4967073353408358E17
648                       6.4656491353280883E17
648.5                     6.434974551276E17
649                       6.404687166312137E17
649.5                     6.3747905693731571E17
650                       6.3452883551493286E17
650.5                     6.3161841240825856E17
651                       6.2874814823505062E17
651.5                     6.2591840418251098E17
652                       6.2312954200423027E17
652.5                     6.2038192402329894E17
653                       6.1767591312239718E17
653.5                     6.1501187274435904E17
654                       6.1239016689460557E17
654.5                     6.0981116013266061E17
655                       6.0727521757018944E17
655.5                     6.0478270487493542E17
656                       6.0233398825888986E17
656.5                     5.9992943448591667E17
657                       5.9756941086026496E17
657.5                     5.9525428523276582E17
658                       5.9298442599265037E17
658.5                     5.907602020652521E17
659                       5.8858198291549914E17
659.5                     5.8645013853895206E17
660                       5.8436503946194637E17
660.5                     5.8232705674289242E17
661                       5.8033656196252237E17
661.5                     5.7839392723083034E17
662                       5.7625499532718022E17
662.5                     5.7412625508277248E17
663                       5.7203264135575232E17
663.5                     5.699744470259415E17
664                       5.6795196539169043E17
664.5                     5.6596549017379501E17
665                       5.6401531550628218E17
665.5                     5.6210173593976512E17
666                       5.6022504643909792E17
666.5                     5.5838554238083578E17
667                       5.5658351955010682E17
667.5                     5.5481927414037286E17
668                       5.5309310275340659E17
668.5                     5.5140530239307763E17
669                       5.4975617046784294E17
669.5                     5.4814600478744493E17
670                       5.4657510355802765E17
670.5                     5.4504376538740275E17
671                       5.4355228927627456E17
671.5                     5.4210097462117914E17
672                       5.4069012120980301E17
672.5                     5.3932002922041069E17
673                       5.3799099922050189E17
673.5                     5.3670333216527603E17
674                       5.3545732939491187E17
674.5                     5.3425329263163699E17
675                       5.3309152398217466E17
675.5                     5.3197232593244589E17
676                       5.3089600134563802E17
676.5                     5.2986285346328448E17
677                       5.2887318590155386E17
677.5                     5.2792730264933158E17
678                       5.2702550806751565E17
678.5                     5.2616810688711053E17
679                       5.2535540420712256E17
679.5                     5.2458770549305933E17
680                       5.2386531657462336E17
680.5                     5.2318854364625594E17
681                       5.225576932615801E17
681.5                     5.2197307233701459E17
682                       5.2143498814293939E17
682.5                     5.2094374831060826E17
683                       5.1994977664103654E17
683.5                     5.1897468123532998E17
684                       5.1801929286300819E17
684.5                     5.170837653400855E17
685                       5.1616825267819955E17
685.5                     5.1527290908373408E17
686                       5.1439788895632038E17
686.5                     5.1354334689067322E17
687                       5.1270943766925165E17
687.5                     5.118963162695264E17
688                       5.1110413785705318E17
688.5                     5.1033305778626989E17
689                       5.0958323160025766E17
689.5                     5.0885481503326022E17
690                       5.0814796400095987E17
690.5                     5.0746283460868896E17
691                       5.0679958314295277E17
691.5                     5.0615836607905395E17
692                       5.0553934007174445E17
692.5                     5.0494266196031994E17
693                       5.043684887654304E17
693.5                     5.0381697768715219E17
694                       5.0328828610670618E17
694.5                     5.0278257158389786E17
695                       5.0229999185669728E17
695.5                     5.018407048406103E17
696                       5.0140486862675219E17
696.5                     5.0099264148273549E17
697                       5.0060418185118445E17
697.5                     5.0023964834802637E17
698                       4.9989919976230298E17
698.5                     4.9958299505621088E17
699                       4.9929119336164448E17
699.5                     4.9902395398264154E17
700                       4.9878143639302842E17
700.5                     4.9856380023514765E17
701                       4.9837120531947021E17
701.5                     4.9820381162244147E17
702                       4.9806177929030112E17
702.5                     4.9794526863118362E17
703                       4.9785444012182957E17
703.5                     4.9775776506502368E17
704                       4.9736151640515955E17
704.5                     4.969734830965015E17
705                       4.9659373212624979E17
705.5                     4.9622233056554554E17
706                       4.9585934556417683E17
706.5                     4.9550484435177197E17
707                       4.951588942387849E17
707.5                     4.9482156261478016E17
708                       4.9449291694828973E17
708.5                     4.9417302478554029E17
709                       4.9386195375212499E17
709.5                     4.935597715508279E17
710                       4.9326654596239398E17
710.5                     4.9298234484425606E17
711                       4.9270723613039597E17
711.5                     4.9244128783304986E17
712                       4.9218456803798925E17
712.5                     4.9193714490782874E17
713                       4.9169908668098176E17
713.5                     4.9147046167084486E17
714                       4.9125133826381619E17
714.5                     4.9104178492240634E17
715                       4.9084187018187539E17
715.5                     4.9065166265266138E17
716                       4.9047123101513818E17
716.5                     4.9030064402648211E17
717                       4.9013997051426067E17
717.5                     4.8998927937817389E17
718                       4.8984863958899674E17
718.5                     4.8971812019104858E17
719                       4.8959779029831987E17
719.5                     4.8948771909529229E17
720                       4.8938797583729754E17
720.5                     4.8929862985064851E17
721                       4.8921975052992128E17
721.5                     4.8915140733902451E17
722                       4.8909366981132973E17
722.5                     4.8904660754957075E17
723                       4.8901029022382637E17
723.5                     4.8898478757236877E17
724                       4.8897016940011968E17
724.5                     4.8894190181275514E17
725                       4.8881123037305382E17
725.5                     4.8868477712066714E17
726                       4.8856257803597978E17
726.5                     4.8844466914085376E17
727                       4.8833108649807443E17
727.5                     4.8822186621115706E17
728                       4.8811704442537389E17
728.5                     4.8801665732452128E17
729                       4.8792074113450342E17
729.5                     4.8782933212021754E17
730                       4.8774246658707424E17
730.5                     4.876601808797065E17
731                       4.875825113826391E17
731.5                     4.8750949451960896E17
732                       4.8744116675374925E17
732.5                     4.8737756458653498E17
733                       4.8731872455858419E17
733.5                     4.872646832493488E17
734                       4.8721547727618586E17
734.5                     4.8717114329528723E17
735                       4.8713171800025133E17
735.5                     4.8709723812289395E17
736                       4.8706774043218867E17
736.5                     4.8704326173520787E17
737                       4.8702383887619085E17
737.5                     4.8700950873635821E17
738                       4.870003082336007E17
738.5                     4.8699627432267494E17
739                       4.8699744399578112E17
739.5                     4.8700385428010573E17
740                       4.8701554223953344E17
740.5                     4.8703254497485158E17
741                       4.8705489962090138E17
741.5                     4.8708264335021158E17
742                       4.8711581336861555E17
742.5                     4.8715444691979328E17
743                       4.8719858127985267E17
743.5                     4.8724825376226918E17
744                       4.8730350171283584E17
744.5                     4.8736436251384845E17
745                       4.8743087358187866E17
745.5                     4.8749528750551866E17
746                       4.8754410048308038E17
746.5                     4.8759723776545728E17
747                       4.8765473015360493E17
747.5                     4.8771660847632051E17
748                       4.8778290359112576E17
748.5                     4.878536463863369E17
749                       4.8792886777805018E17
749.5                     4.8800859871155821E17
750                       4.8809287016015558E17
750.5                     4.8818171312656531E17
751                       4.8827515864135085E17
751.5                     4.8837323776382035E17
752                       4.884759815800359E17
752.5                     4.8858342120543654E17
753                       4.8869558778298195E17
753.5                     4.8881251248287142E17
754                       4.8893422650332909E17
754.5                     4.8906076106846259E17
755                       4.8919214743158029E17
755.5                     4.8932841687132006E17
756                       4.8946960069483853E17
756.5                     4.8961573023499936E17
757                       4.8976683685143162E17
757.5                     4.8992295193011834E17
758                       4.9008410688460282E17
758.5                     4.9025033315275059E17
759                       4.9042166219970336E17
759.5                     4.9059812551625875E17
760                       4.9077975461913318E17
760.5                     4.9096658105068832E17
761                       4.911586363785175E17
761.5                     4.9135595219516832E17
762                       4.9155856011950234E17
762.5                     4.9176649179505984E17
763                       4.9197977889019206E17
763.5                     4.9219845309723622E17
764                       4.9242254613539309E17
764.5                     4.926520897455159E17
765                       4.9288711569573837E17
765.5                     4.9312765577556211E17
766                       4.9337374180136768E17
766.5                     4.9363869856795853E17
767                       4.9393328825111168E17
767.5                     4.9423534893663354E17
768                       4.9454492067838477E17
768.5                     4.9486204355516339E17
769                       4.9518675767554656E17
769.5                     4.9551910317424922E17
770                       4.9585912021391155E17
770.5                     4.9620684898255814E17
771                       4.9656232969721523E17
771.5                     4.9692560259898291E17
772                       4.9729670795750323E17
772.5                     4.9767568606742701E17
773                       4.9806257725092883E17
773.5                     4.9845742185330912E17
774                       4.9886026024862688E17
774.5                     4.9927113283572589E17
775                       4.9969008003778502E17
775.5                     5.0011714230485722E17
776                       5.0055236011143878E17
776.5                     5.0099577395644864E17
777                       5.014474243642105E17
777.5                     5.0190735188444275E17
778                       5.0237559708995386E17
778.5                     5.0285220057920499E17
779                       5.0333720297429203E17
779.5                     5.0383064492078451E17
780                       5.0433256708872192E17
780.5                     5.0484301017231667E17
781                       5.0536201488936838E17
781.5                     5.0588962197922285E17
782                       5.0642587220725402E17
782.5                     5.0697080636050982E17
783                       5.0752446524856794E17
783.5                     5.0808688970484006E17
784                       5.0865812058496397E17
784.5                     5.0923819876708762E17
785                       5.0982716515069094E17
785.5                     5.1042506066053862E17
786                       5.1103192623963827E17
786.5                     5.1164780285524947E17
787                       5.1227273149609459E17
787.5                     5.1293029045146701E17
788                       5.1362637852832205E17
788.5                     5.1433421729475936E17
789                       5.1505385870864531E17
789.5                     5.1578535475204192E17
790                       5.1652875743294694E17
790.5                     5.1728411878586029E17
791                       5.1805149086757766E17
791.5                     5.188309257620727E17
792                       5.1962247557673709E17
792.5                     5.2042619244383981E17
793                       5.2124212851989696E17
793.5                     5.2207033598428877E17
794                       5.2291086704283405E17
794.5                     5.2376377392295386E17
795                       5.2462910887619392E17
795.5                     5.2550692417714221E17
796                       5.2639727212415872E17
796.5                     5.2730020503813677E17
797                       5.2821577526308314E17
797.5                     5.2914403516548576E17
798                       5.3008503713383085E17
798.5                     5.3103883357994925E17
799                       5.3200547693732006E17
799.5                     5.3298501966058509E17
800                       5.3397751422720762E17
800.5                     5.3498301313485011E17
801                       5.3600156890472582E17
801.5                     5.3703323407774477E17
802                       5.3807806121525555E17
802.5                     5.3913610290164672E17
803                       5.4020741174017056E17
803.5                     5.4129204035492506E17
804                       5.4239004139161549E17
804.5                     5.4350146751444275E17
805                       5.4462637140887379E17
805.5                     5.4576480577914618E17
806                       5.4691682335027341E17
806.5                     5.4808247686632288E17
807                       5.4926181909086733E17
807.5                     5.5045490280588141E17
808                       5.516617808136048E17
808.5                     5.5287573985142829E17
809                       5.5409766472065286E17
809.5                     5.5533292891827654E17
810                       5.5658158285594368E17
810.5                     5.5784367696266592E17
811                       5.5911926168434726E17
811.5                     5.6040838748505274E17
812                       5.6171110484431962E17
812.5                     5.6302746425905856E17
813                       5.6435751624308358E17
813.5                     5.6570131132600352E17
814                       5.6705890005433933E17
814.5                     5.6843033299009626E17
815                       5.6981566071172544E17
815.5                     5.712149338130135E17
816                       5.7262820290452954E17
816.5                     5.7405551861058938E17
817                       5.7549693157263123E17
817.5                     5.7695249244617498E17
818                       5.7842225190227802E17
818.5                     5.7990626062609498E17
819                       5.8140456931914854E17
819.5                     5.8291722869546483E17
820                       5.8444428948562662E17
820.5                     5.8598580243371584E17
821                       5.8754181829650854E17
821.5                     5.891123878469001E17
822                       5.9069756187165158E17
822.5                     5.9229739116895565E17
823                       5.939119265526903E17
823.5                     5.9554121884950298E17
824                       5.9718531889964339E17
824.5                     5.9884427755517862E17
825                       6.005181456832919E17
825.5                     6.022069741622007E17
826                       6.0391081388380301E17
826.5                     6.0562971575172326E17
827                       6.073637306834807E17
827.5                     6.0911290960588122E17
828                       6.1087730346265216E17
828.5                     6.1265696320403469E17
829                       6.1445193979625101E17
829.5                     6.1620695314504333E17
830                       6.1794354315065562E17
830.5                     6.196913257013833E17
831                       6.2145033545564736E17
831.5                     6.2322060707582106E17
832                       6.2500217523314483E17
832.5                     6.2679507460513062E17
833                       6.2859933987630618E17
833.5                     6.3041500573711437E17
834                       6.3224210688499738E17
834.5                     6.3408067802295834E17
835                       6.3593075386250662E17
835.5                     6.3779236911816589E17
836                       6.3966555851346163E17
836.5                     6.4155035677576128E17
837                       6.4344679864041408E17
837.5                     6.4535491884693542E17
838                       6.472747521417984E17
838.5                     6.4920633327613786E17
839                       6.5114969700770214E17
839.5                     6.5310487809871872E17
840                       6.5507191131768384E17
840.5                     6.5705083143790707E17
841                       6.590416732384503E17
841.5                     6.6104447150249574E17
842                       6.6305926101949005E17
842.5                     6.6508607658282419E17
843                       6.6712495299267251E17
843.5                     6.691759250505632E17
844                       6.7123902756670797E17
844.5                     6.733142953530121E17
845                       6.7540176322730701E17
845.5                     6.7750146601136192E17
846                       6.7961343853114291E17
846.5                     6.8173771561846925E17
847                       6.8387433210692634E17
847.5                     6.8602332283560742E17
848                       6.8818472264764045E17
848.5                     6.9035856639080282E17
849                       6.9254488891428659E17
849.5                     6.9474372507404134E17
850                       6.9695510972726157E17
850.5                     6.9908761292568243E17
851                       7.0119498965950554E17
851.5                     7.0330886400466893E17
852                       7.054292484049705E17
852.5                     7.0755615530578458E17
853                       7.0968959715051315E17
853.5                     7.118295863812631E17
854                       7.1397613544095232E17
854.5                     7.1612925676867571E17
855                       7.1828896280535974E17
855.5                     7.2045526598858957E17
856                       7.2262817875774528E17
856.5                     7.2480771354738688E17
857                       7.2699388279346982E17
857.5                     7.291866989311872E17
858                       7.3138617439279757E17
858.5                     7.3359232161046541E17
859                       7.3580515301516621E17
859.5                     7.3802468103630221E17
860                       7.4025091810231066E17
860.5                     7.4248387664064358E17
861                       7.4472356907638976E17
861.5                     7.4697000783423795E17
862                       7.4922320533818842E17
862.5                     7.5145216037304755E17
863                       7.5364213139240179E17
863.5                     7.5583283403035686E17
864                       7.5802425873930163E17
864.5                     7.6021639597124698E17
865                       7.6243493287675853E17
865.5                     7.6469363223472064E17
866                       7.6697199109162829E17
866.5                     7.6927006977204813E17
867                       7.7158792860422285E17
867.5                     7.7392562792496435E17
