0                         0.0010000000000000005    0.0010000000000000005    0.0010000000000000005    0.0010000000000000005    0.0010000000000000005
1.0E-4                    0.30797183316150945      0.2807301293645007       0.4983221092615931       7.449334557488284E-4     0.18599188318420068
1.122018454301963E-4      0.3480208667734118       0.3172405655674296       0.5630755718698484       9.506189047384136E-4     0.21019020488390802
1.2589254117941674E-4     0.39294315710751376      0.3581947594777609       0.6356949311474284       0.0012113336959497655    0.23733625455954677
1.412537544622754E-4      0.44332983711111995      0.40413202553180255      0.7171308640755659       0.0015415415305206565    0.26778842834939987
1.5848931924611142E-4     0.49984329740271594      0.4556567622003522       0.8084477481923628       0.0019594787215631666    0.3019485415028194
1.7782794100389227E-4     0.5632256226738569       0.5134461761359722       0.9108368934238171       0.0024881326964702405    0.34026702434775674
1.9952623149688788E-4     0.6343080228922038       0.5782589220704473       1.025631274385772        0.0031564754936056747    0.38324874584420715
2.23872113856834E-4       0.7140213458845955       0.6509447396152498       1.154321875533357        0.004001017273976915     0.43145952356468054
2.5118864315095795E-4     0.8034077791336875       0.7324551880091962       1.2985757904495783       0.005067762414837992     0.48553339345990004
2.818382931264455E-4      0.9036338612378976       0.8238555921213253       1.4602562277261897       0.006414672356038537     0.5461807226863935
3.1622776601683794E-4     1.0160049337962682       0.9263383232992539       1.6414445821181531       0.008114766381467128     0.6141972576776216
3.548133892335753E-4      1.141981172946982        1.0412375474614486       1.8444647304588513       0.010260025413704613     0.6904742080544417
3.9810717055349735E-4     1.28319534718946         1.1700455809196721       2.0719097080693416       0.012966306512804436     0.7760094755153141
4.4668359215096305E-4     1.4414724543781847       1.3144310017796363       2.326670912243409        0.016379529357884566     0.8719201456789898
5.011872336272725E-4      1.6188513951889958       1.4762586708339733       2.611969962965939        0.02068346335147416      0.9794563697725301
5.623413251903491E-4      1.8176088419524519       1.6576118198259935       2.93139332492897         0.026109528616328585     1.1000167717407945
6.30957344480193E-4       2.040285459372028        1.860816365872534        3.2889297563605924       0.032949130418520704     1.2351655244203474
7.07945784384138E-4       2.289714625899432        2.0884676075263884       3.689010595883001        0.04156917988742068      1.386651245401049
7.943282347242813E-4      2.569053789685299        2.343459448977111        4.136552824652576        0.052431621064118666     1.5564278684809756
8.912509381337459E-4      2.8818185689091202       2.629016282415825        4.637004742797465        0.0661179936431914       1.7466776494126088
0.001                     3.2319196702839514       2.948727632383083        5.196393971328438        0.08336032254927048      1.959836463926023
0.001122018454301963      3.623702648445703        3.30658562724442         5.821377327223417        0.10507995226213925      2.1986215505162483
0.0012589254117941675     4.061990458971122        3.7070253084960356       6.519291913617508        0.13243635077813642      2.4660618385925726
0.0014125375446227555     4.552128766418982        4.1549677920985655       7.298206928689668        0.16688837823830077      2.765531005299855
0.001584893192461114      5.100033317270747        4.655865794498085        8.166973215693064        0.21027131353969974      3.1007832540443037
0.0017782794100389228     5.712239308873874        5.215751498967578        9.135270411225065        0.26489349616239655      3.475991936922439
0.001995262314968879      6.395955219632354        5.841288659608714        10.213662052704873       0.33365604025498247      3.8957917047409873
0.00223872113856834       7.159106651823556        6.539817920726779        11.413601218592756       0.4202075088444566       4.365320995967396
0.002511886431509582      8.01039428721468         7.319413697762937        12.747485745413693       0.5291304061874565       4.890270385723687
0.002818382931264455      8.95934185133188         8.188934185446584        14.22866754690289        0.6661771737687909       5.476931328905703
0.0031622776601683794     10.01633606936921        9.158065872240696        15.871428222892057       0.8385665807758014       6.132245628347183
0.0035481338923357532     11.192674821144822       10.237374803464771       17.690989153190706       1.055340493557054        6.863859181812509
0.003981071705534973      12.50057476933026        11.438327023030757       19.703371229715245       1.3278307427336482       7.680168373400982
0.004466835921509635      13.953213129250257       12.773335109970716       21.925402670983342       1.6701892276119548       8.59037596647733
0.005011872336272725      15.564698938090057       14.255750060114249       24.37447956566259        2.100088541341117        9.60453129561627
0.005623413251903491      17.350064626518517       15.899867641722462       27.068441495116154       2.6395235593216824       10.733574972356902
0.00630957344480193       19.325211712599014       17.720897654071553       30.0253218505567         3.315786246916116        11.98937118775779
0.00707945784384138       21.50680509306648        19.73489068153247        33.262976101300886       4.162646319503938        13.384724154604891
0.00794328234724282       23.91216295408076        21.958657609162817       36.79877870661236        5.221649162150962        14.933387780292398
0.008912509381337459      26.55905859577476        24.409615612508127       40.649108411623935       6.543641697222478        16.650045101027843
0.01                      29.46549907872089        27.10560927400079        44.82888142401293        8.190342355940409        18.5502696458121
0.01122018454301964       32.6494126076622         30.06465183557335        49.35092095765198        10.235979471972449       20.65044714523489
0.012589254117941675      36.1282856467284         33.30461625259129        54.22533554933518        12.768709939634078       22.96766232325333
0.01412537544622754       39.918727091317706       36.84285594485495        59.45885325341376        15.891553170815769       25.519538738726403
0.01584893192461114       44.03596312078656        40.695755491532665       65.05414756045514        19.72237934492224        28.324025347984666
0.01778279410038923       48.493262680476704       44.878208617259936       71.00917269615032        24.39235017829374        31.399121738653935
0.01995262314968881       53.30127203754452        49.40300337853925        77.31646263774151        30.042222886611405       34.76252668550669
0.0223872113856834        58.467406534235565       54.28023175283682        83.96280990903932        36.814925123955504       38.431244477887205
0.025118864315095822      63.99515398862309        59.51660621957347        90.92887091690238        44.8444426719542         42.421100231932996
0.02818382931264455       69.88337287630574        65.11474904537305        98.18892020781612        54.240528929767336       46.746179863928326
0.03162277660168379       76.12567868092684        71.0725319546346         105.7109376053226        65.06937333753633        51.41821961443347
0.035481338923357565      82.70998432749701        77.38252588388286        113.45707775532537       77.3319601810776         56.445970144195236
0.039810717055349734      89.61809125356302        84.0314813264354         121.38417773937856       90.94480094342133        61.8345070710551
0.04466835921509635       96.82539080850506        90.9998933718322         129.44439616915696       105.72762673275801       67.58451297386395
0.05011872336272725       104.30110633241021       98.26202875286513        137.5867411447968        121.4015449693143        73.6917164938204
0.05623413251903491       112.00841236675066       105.78586634971857       145.7579845966248        137.60470823596359       80.14627277570784
0.06309573444801936       119.90500689098954       113.5334507630638        153.90410821956067       153.92235227998714       86.93233404028014
0.0707945784384138        127.94396593359227       121.46153243194667       161.97180899779872       169.92791999084227       94.02780214057742
0.07943282347242822       136.07478870697457       129.5224268121426        169.9098756811223        185.22688245672586       101.40427474952006
0.08912509381337459       144.2444910886233        137.66497228686202       177.67025040781027       199.49323132857947       109.02715811880195
0.1                       152.39907919423257       145.83589098964245       185.20931274663778       212.49304144072389       116.85616053778983
0.11220184543019641       160.48502992452705       153.98122541918335       192.4888266648195        224.09212071333658       124.84603698509537
0.12589254117941676       168.45064322086466       162.04772105927134       199.476473383018         234.24889981321374       132.94752872587623
0.14125375446227553       176.24718313244654       169.98406214894055       206.14601020603038       242.99716834371222       141.10842904898664
0.15848931924611143       183.8302121734372        177.74232957882035       212.477625042466         250.4259891722339        149.2750239917121
0.1778279410038923        191.16044605039033       185.27904044093364       218.45771196513329       256.65872000947974       157.39346814391592
0.19952623149688808       198.20426753017495       192.55587057758777       224.07838398520977       261.83495761293136       165.41108302335783
0.223872113856834         204.9344857469401        199.54061684236154       229.3373644750834        266.0979687762863        173.27797983872142
0.25118864315095824       211.3298839571964        206.2069660927537        234.2367957599478        269.58420697389175       180.9477877498145
0.2818382931264455        217.37584250213726       212.53529327889433       238.78329656213418       272.4192664992231        188.37925046392067
0.31622776601683794       223.06361266681768       218.51210606279383       242.98684759527208       274.71424106697356       195.53665309053235
0.3548133892335757        228.38950043071765       224.12934603386205       246.85982873425837       276.56475488286867       202.38995012963483
0.3981071705534973        233.35519228620112       229.38481001315873       250.41717531406982       278.0525391416209        208.91586469585891
0.4466835921509635        237.96650217215642       234.2809510626003        253.67524087766117       279.24582928323605       215.09732197799707
0.5011872336272725        242.23260739356206       238.82412919883907       256.6512234647475        280.20097432795353       220.92309794605086
0.5623413251903491        246.1658717817819        243.02444535564553       259.36311007467634       280.9643907800125        226.38796655510077
0.6309573444801936        249.78065024794543       246.89450346253625       261.8288562091044        281.573771545048         231.49155528040092
0.707945784384138         253.09291355174966       250.4489996173701        264.0662541095169        282.0596798037078        236.2379542955823
0.7943282347242822        256.1198609539548        253.70429230078958       266.0927895565278        282.44683965244127       240.63523473310298
0.8912509381337459        258.87935344446134       256.6777773410885        267.9253687598624        282.7551430068711        244.69466313497787
1                         261.3895889867957        259.3875109229775        269.58022619727086       283.0005679245047        248.4301407224314
1.122018454301963         263.6677550694951        261.85073998091946       271.0721175020061        283.19572478037645       251.8561950474266
1.2589254117941688        265.73215969448245       264.0861341811154        272.4159301092073        283.35098261169753       254.99065407465693
1.4125375446227555        267.5994410997544        266.1107830663458        273.6248443301089        283.47442078283564       257.85065393746436
1.584893192461114         269.2859121054264        267.9415953767464        274.711368307636         283.5725482910375        260.45424415135943
1.7782794100389228        270.80721889509425       269.59490933727227       275.68717922514793       283.6505662035729        262.81973568584084
1.9952623149688788        272.1774132921409        271.0854679909696        276.5625791774665        283.7125443870078        264.96414942785134
2.2387211385683425        273.41027050796424       272.42781555446095       277.3474343827306        283.76178954526733       266.90496471008487
2.5118864315095824        274.5186177182022        273.63555778558344       278.0507738486441        283.8009274875624        268.6590048643047
2.818382931264455         275.51423876942954       274.72124202127          278.6807715714343        283.8320364708157        270.24215282684025
3.1622776601683795        276.4072622183951        275.6956780525505        279.24439044366255       283.8567263750773        271.66828011669
3.5481338923357533        277.20838000272          276.5703333422704        279.7488448263924        283.8763584294123        272.9525527017722
3.9810717055349776        277.9261394787661        277.35438576888936       280.19987549279983       283.89194697545383       274.10718711197046
4.4668359215096345        278.5690443762992        278.0569959483852        280.6031236276775        283.90433326361347       275.14461600727395
5.011872336272725         279.14459412448406       278.68625740744426       280.96352894878845       283.91417444812816       276.0759424645081
5.623413251903491         279.65957094555176       279.2495028580559        281.285527617399         283.9219921851241        276.91133310975226
6.309573444801943         280.12007702176106       279.75334012925015       281.5730867238085        283.92820027996027       277.6600341644158
7.0794578438413875        280.53177016626614       280.20390570360075       281.829861592188         283.93313138579106       278.3307135861167
7.943282347242821         280.89971874350283       280.6067035594855        282.0591109372163        283.93704863475097       278.9312022985815
8.91250938133746          281.2287155718832        280.9669456956095        282.2638996513117        283.94016497638006       279.46897639305354
10                        281.52227183330206       281.28845052310714       282.44647261514467       283.9426347334031        279.94951360906543
