0                         0.001
1.0E-4                    8.443880445188973E-4
1.122018454301963E-4      0.0010630207230301468
1.2589254117941674E-4     0.0013382625049921937
1.412537544622754E-4      0.0016847706199704883
1.5848931924611142E-4     0.00212099728821681
1.7782794100389227E-4     0.002670172220228525
1.9952623149688788E-4     0.003361539477134589
2.23872113856834E-4       0.00423191449858491
2.5118864315095795E-4     0.005327644143828855
2.818382931264455E-4      0.006707074014159348
3.1622776601683794E-4     0.008443654274403828
3.548133892335753E-4      0.010629849090420751
3.9810717055349735E-4     0.013382057431676786
4.4668359215096305E-4     0.016846806587993497
5.011872336272725E-4      0.021208547116033212
5.623413251903491E-4      0.02669946256312505
6.30957344480193E-4       0.03361181358051866
7.07945784384138E-4       0.04231346937223721
7.943282347242813E-4      0.053267446578682195
8.912509381337459E-4      0.06705648501150088
0.001                     0.08441395140494945
0.001122018454301963      0.10626268907616036
0.0012589254117941675     0.13376383829076172
0.0014125375446227555     0.1683781574023218
0.001584893192461114      0.2119429998899147
0.0017782794100389228     0.26676887188123416
0.001995262314968879      0.33576043594722854
0.00223872113856834       0.4225679685404246
0.002511886431509582      0.5317766475097099
0.002818382931264455      0.6691426627814091
0.0031622776601683794     0.8418870112435506
0.0035481338923357532     1.0590599274780554
0.003981071705534973      1.3319911284633519
0.004466835921509635      1.6748432269253495
0.005011872336272725      2.1052874470527523
0.005623413251903491      2.645321554695845
0.00630957344480193       3.3222486984429533
0.00707945784384138       4.169831079457831
0.00794328234724282       5.2296216474575985
0.008912509381337459      6.552456903841789
0.01                      8.200059631219908
0.01122018454301964       10.246645907431372
0.012589254117941675      12.780349283334697
0.01412537544622754       15.904160601538669
0.01584893192461114       19.735933310738837
0.01778279410038923       24.40683135445835
0.01995262314968881       30.057431633981885
0.0223872113856834        36.830602081318276
0.025118864315095822      44.86036988410259
0.02818382931264455       54.25641943208318
0.03162277660168379       65.08475549368276
0.035481338923357565      77.34646643497194
0.039810717055349734      90.95820788281868
0.04466835921509635       105.73942347804356
0.05011872336272725       121.41156371583624
0.05623413251903491       137.612886533565
0.06309573444801936       153.92875433611033
0.0707945784384138        169.9327391704242
0.07943282347242822       185.2302315648001
0.08912509381337459       199.49537064435648
0.1                       212.49442248731788
0.11220184543019641       224.0930680200295
0.12589254117941676       234.24943275291233
0.14125375446227553       242.9974907840623
0.15848931924611143       250.42619139684413
0.1778279410038923        256.65876134008397
0.19952623149688808       261.8350099629983
0.223872113856834         266.0978636014615
0.25118864315095824       269.58418252414987
0.2818382931264455        272.4192507819534
0.31622776601683794       274.7140781926804
0.3548133892335757        276.5646627043158
0.3981071705534973        278.0524978305037
0.4466835921509635        279.2457843782383
0.5011872336272725        280.2009695626098
0.5623413251903491        280.9643696417499
0.6309573444801936        281.5737307072521
0.707945784384138         282.0596503066789
0.7943282347242822        282.446826799433
0.8912509381337459        282.755130339753
1                         283.00050461046453
1.122018454301963         283.1957160246458
1.2589254117941688        283.3509699900346
1.4125375446227555        283.4744139622665
1.584893192461114         283.57254567219945
1.7782794100389228        283.6505428914286
1.9952623149688788        283.7125288686499
2.2387211385683425        283.761785390438
2.5118864315095824        283.8009234266365
2.818382931264455         283.8320195685748
3.1622776601683795        283.856724968781
3.5481338923357533        283.8763522308831
3.9810717055349776        283.89194465374
4.4668359215096345        283.90433137619067
5.011872336272725         283.91417126989876
5.623413251903491         283.9219878613945
6.309573444801943         283.92819710745084
7.0794578438413875        283.93312948045747
7.943282347242821         283.93704752572773
8.91250938133746          283.9401598167709
10                        283.9426320460445
