0                         0.001                    0.001                    0.001                    0.001
1.0E-4                    0.3285759057093969       0.29951538756153495      0.5316149385107378       0.19844624503883923
1.122018454301963E-4      0.36861622140899636      0.33601857914443284      0.5963456015071981       0.22264138633956357
1.2589254117941674E-4     0.4135287063853781       0.37696462179994816      0.6689393586650396       0.24978385059724095
1.412537544622754E-4      0.4639044052292775       0.4228927597794384       0.7503466170394816       0.28023201152374466
1.5848931924611142E-4     0.5204055627066612       0.4744072698933219       0.8416313801166899       0.31438762995643343
1.7782794100389227E-4     0.5837740980340601       0.5321852204948841       0.9439845373940752       0.35270107375591825
1.9952623149688788E-4     0.6548410400920992       0.5969851152506683       1.058738600437877        0.39567714443372765
2.23872113856834E-4       0.7345370366517711       0.6696565270299176       1.1873840409004863       0.4438815855577587
2.5118864315095795E-4     0.8239040522338685       0.7511508292170154       1.3315873817554629       0.49794835061405934
2.818382931264455E-4      0.9241083763720979       0.8425331389700386       1.4932111962107055       0.5585877144387398
3.1622776601683794E-4     1.0364550725985018       0.9449955956138109       1.6743361722262289       0.6265953201366758
3.548133892335753E-4      1.1624040069165067       1.0598721061392709       1.8772854014404574       0.702862261790119
3.9810717055349735E-4     1.3035876022334603       1.1886546981479085       2.10465104804816         0.7883863119940747
4.4668359215096305E-4     1.4618304716360144       1.3330116280824003       2.3593235442630456       0.884284412183773
5.011872336272725E-4      1.6391710878261414       1.4948073986698647       2.6445234426186817       0.9918065526517544
5.623413251903491E-4      1.837885647619776        1.6761248434586165       2.963836029275487        1.112351177826273
6.30957344480193E-4       2.0605142880337097       1.8792894372374775       3.321248763980378        1.2474822604452331
7.07945784384138E-4       2.309889802750703        2.106895987825956        3.7211915580765176       1.3989481952408351
7.943282347242813E-4      2.5891689929141406       2.361837855753137        4.168579828060749        1.5687026680352805
8.912509381337459E-4      2.901866762108244        2.6473388318843005       4.6688601640257765       1.7589276589434786
0.001                     3.251893029395512        2.9669877768657607       5.228058324576273        1.972058737670955
0.001122018454301963      3.643592483227558        3.3247760876066796       5.852829106441772        2.2108128034027597
0.0012589254117941675     4.081787129116702        3.725138001603321        6.5505074313667455       2.478218409897681
0.0014125375446227555     4.5718214906751555       4.172993675807415        7.3291597378398405       2.777648796143509
0.001584893192461114      5.119610201802909        4.673794878329436        8.197634453610837        3.112857711852989
0.0017782794100389228     5.731687571530206        5.23357300321654         9.165609949926909        3.488018082223851
0.001995262314968879      6.415258505744776        5.858988954815503        10.243637934393485       3.9077634941934436
0.00223872113856834       7.178249924719722        6.5573842421615645       11.443179723063725       4.377232402676056
0.002511886431509582      8.02936151477548         7.336832368320613        12.776632244415527       4.902114845062114
0.002818382931264455      8.978114289622896        8.206189287437667        14.257339974867977       5.488701309948128
0.0031622776601683794     10.03489500604095        9.175141326607035        15.899588302542865       6.14393322533884
0.0035481338923357532     11.210993975737688       10.25424852498943        17.71857308988142        6.875454305540669
0.003981071705534973      12.518633240296895       11.454980825621208       19.73034049849411        7.691661717446966
0.004466835921509635      13.970981434323289       12.789743966767249       21.951690512220924       8.60175568877953
0.005011872336272725      15.582150966585152       14.27189126611086        24.40003713018958        9.615785776691924
0.005623413251903491      17.367172424482323       15.91571678776695        27.093218008885263       10.744691540197689
0.00630957344480193       19.34194039244783        17.736424655964772       30.049246544234176       12.000334812355081
0.00707945784384138       21.52312422709934        19.750068572444622       33.28600015670809        13.395520150931691
0.00794328234724282       23.928036830087343       21.973454968312936       36.82084004314314        14.943999369296618
0.008912509381337459      26.574454207140192       24.42400275890215        40.670160054870735       16.66045533228223
0.01                      29.48037872758053        27.119552480530192       44.84886579318479        18.560459477612415
0.01122018454301964       32.66373965423467        30.07811780452065        49.36978956097836        20.660396841933558
0.012589254117941675      36.14202586629527        33.31757320185682        54.243052453831666       22.977351801744426
0.01412537544622754       39.93184791580822        36.85527304013065        59.47539144929677        25.528947377472363
0.01584893192461114       44.04842978944472        40.70759979942774        65.0694765059848         28.333130912750967
0.01778279410038923       48.50503508588167        44.88944253537948        71.02324984468684        31.40789937406446
0.01995262314968881       53.31233776773174        49.41361127593686        77.32932596627572        34.77095858077906
0.0223872113856834        58.47775407036902        54.29019869258047        83.97449560522458        38.439312542308066
0.025118864315095822      64.0047592321507         59.525906969487316       90.9393786828174         42.4287819064852
0.02818382931264455       69.89221992290013        65.12336495008617        98.19826943850677        46.753454430435184
0.03162277660168379       76.13377984260674        71.08046779775147        105.71921056812809       51.425075415278684
0.035481338923357565      82.71734100667352        77.38977777833321        113.46432213181005       56.452392121879114
0.039810717055349734      89.62468569246141        84.03802939522107        121.39039559187334       61.84047306457587
0.04466835921509635       96.8312828962319         91.00578394213109        129.44974469848506       67.59003031893187
0.05011872336272725       104.30631766314391       98.2672766142723         137.5912848290332        73.69677991306406
0.05623413251903491       112.01297145369166       105.79049292510273       145.7617930572431        80.1508811310933
0.06309573444801936       119.90896705050278       113.53750006672152       153.90728508364967       86.9364991319849
0.0707945784384138        127.94737335239881       121.46504341297539       161.9744343510114        94.03153564548325
0.07943282347242822       136.07764540385674       129.52539969899874       169.91195469897565       101.40756876348603
0.08912509381337459       144.24685535082673       137.66745829547077       177.6718713450485        109.03003446136074
0.1                       152.40105310302357       145.83798268460595       185.21061532621468       116.85866946224147
0.11220184543019641       160.48668354751283       153.98298814105453       192.48989235584258       124.84821808279487
0.12589254117941676       168.45198184760642       162.0491608709966        199.47729622784678       132.94938617230184
0.14125375446227553       176.24827042666345       169.9852399615027        206.14665703508814       141.11000518819915
0.15848931924611143       183.8310903846377        177.74328699335743       212.4781332868437        149.2763512037599
0.1778279410038923        191.16111504511866       185.2797785768674        218.45807269651624       157.39454956350298
0.19952623149688808       198.20481206383874       192.55647293232602       224.0786778161666        165.41198790518158
0.223872113856834         204.934840667751         199.54102083427642       229.337519388462         173.2786594781803
0.25118864315095824       211.33018981033106       206.20731137145742       234.23694247996002       180.94836521910707
0.2818382931264455        217.3760794041015        212.53556177041645       238.78340883851098       188.3797159741745
0.31622776601683794       223.0636590442839        218.51217618136286       242.98681444181614       195.53689380978497
0.3548133892335757        228.38954620657722       224.12940968719388       246.85981491489582       202.39015123835205
0.3981071705534973        233.35524888973478       229.3848804467848        250.4171843614884        208.91604701249534
0.4466835921509635        237.96651669277213       234.28097503762334       253.67522597889067       215.0974347963883
0.5011872336272725        242.23266029170867       238.82419041039506       256.6512461933936        220.92323496402565
0.5623413251903491        246.16587325073405       243.02445137066323       259.36309833302715       226.38802916262503
0.6309573444801936        249.7805830599333        246.89443620135427       261.8287972238837        231.49152197681053
0.707945784384138         253.0928510732146        250.44893590324253       264.0662025847445        236.23791447478388
0.7943282347242822        256.11983425289486       253.70426535782536       266.0927666271172        240.63523144054943
0.8912509381337459        258.87931571920865       256.6777380917476        267.92533970693853       244.69463871299894
1                         261.38930626440725       259.38721061110914       269.580027054542         248.4297802894391
1.122018454301963         263.66771527522883       261.85069765404484       271.07208936192785       251.85615761387916
1.2589254117941688        265.7320868553301        264.0860562086329        272.41588017427614       254.99056647002874
1.4125375446227555        267.5993952222947        266.11073368473444       273.62481348090927       257.8506006261447
1.584893192461114         269.28589250966684       267.94157407521044       274.71135551946594       260.4542261158285
1.7782794100389228        270.80700176315725       269.59467512842247       275.6870355107451        262.8194258939045
1.9952623149688788        272.1772480219454        271.08528931092735       276.56247076803174       264.96391155830764
2.2387211385683425        273.4102207813561        272.4277615103852        277.34740233043146       266.90489677099225
2.5118864315095824        274.5185617273109        273.6354968790212        278.0507379270498        268.65892579023665
2.818382931264455         275.51397232622105       274.72095283768874       278.68059967188134       270.2417499737538
3.1622776601683795        276.40723657992913       275.6956499647448        279.24437441091106       271.66824506147833
3.5481338923357533        277.2082549673614        276.5701972202826        279.74876509218683       272.9523623506949
3.9810717055349776        277.926086262346         277.354327661637         280.19984190952994       274.10710740978675
4.4668359215096345        278.5689945227618        278.05694146284515       280.6030922865948        275.1445406411548
5.011872336272725         279.1444990812865        278.68615364312916       280.96346902691624       276.075794723766
5.623413251903491         279.6594258305567        279.2493444304268        281.2854361645999        276.91110468757
6.309573444801943         280.1199584879648        279.7532106345866        281.57301221654944       277.65984705951723
7.0794578438413875        280.53168885271833       280.2038167841279        281.829810667269         278.3305851519046
7.943282347242821         280.89966533676824       280.6066450959463        282.05907761742327       278.93111812651193
8.91250938133746          281.2284392689401        280.9666436057703        282.2637266028502        279.4685319583005
10                        281.52210864525006       281.288271995765         282.44637064627136       279.9492508412846
