8481500000000000.000000 
9238500000000000.000000 
10058000000000000.000000 
10946000000000000.000000 
11907000000000000.000000 
12946000000000000.000000 
14070000000000000.000000 
15285000000000000.000000 
16597000000000000.000000 
18014000000000000.000000 
19544000000000000.000000 
21195000000000000.000000 
22975000000000000.000000 
24895000000000000.000000 
26963000000000000.000000 
29191000000000000.000000 
31590000000000000.000000 
34173000000000000.000000 
36951000000000000.000000 
39939000000000000.000000 
43151000000000000.000000 
46603000000000000.000000 
50311000000000000.000000 
54292000000000000.000000 
58564000000000000.000000 
63148000000000000.000000 
68064000000000000.000000 
73333000000000000.000000 
78979000000000000.000000 
85027000000000000.000000 
91500000000000000.000000 
98428000000000000.000000 
105840000000000000.000000 
113760000000000000.000000 
122220000000000000.000000 
131270000000000000.000000 
140920000000000000.000000 
151210000000000000.000000 
162190000000000000.000000 
173900000000000000.000000 
186360000000000000.000000 
199630000000000000.000000 
213740000000000000.000000 
228750000000000000.000000 
244680000000000000.000000 
261600000000000000.000000 
279560000000000000.000000 
298580000000000000.000000 
318740000000000000.000000 
340080000000000000.000000 
362640000000000000.000000 
386490000000000000.000000 
411670000000000000.000000 
438240000000000000.000000 
466260000000000000.000000 
495770000000000000.000000 
526840000000000000.000000 
559520000000000000.000000 
593870000000000000.000000 
629940000000000000.000000 
667790000000000000.000000 
707470000000000000.000000 
749040000000000000.000000 
792560000000000000.000000 
838060000000000000.000000 
885610000000000000.000000 
935240000000000000.000000 
987010000000000000.000000 
1040900000000000000.000000 
1097100000000000000.000000 
1155500000000000000.000000 
1216100000000000000.000000 
1279100000000000000.000000 
1344300000000000000.000000 
1411900000000000000.000000 
1481700000000000000.000000 
1553900000000000000.000000 
1628400000000000000.000000 
1705200000000000000.000000 
1784300000000000000.000000 
1865700000000000000.000000 
1949200000000000000.000000 
2034900000000000000.000000 
2122700000000000000.000000 
2212600000000000000.000000 
2304600000000000000.000000 
2398700000000000000.000000 
2494500000000000000.000000 
2592100000000000000.000000 
2691400000000000000.000000 
2792400000000000000.000000 
2895000000000000000.000000 
2999200000000000000.000000 
3104700000000000000.000000 
3211600000000000000.000000 
3319500000000000000.000000 
3428600000000000000.000000 
3538600000000000000.000000 
3649600000000000000.000000 
3761300000000000000.000000 
3873700000000000000.000000 
3986700000000000000.000000 
4100200000000000000.000000 
4214100000000000000.000000 
4328300000000000000.000000 
4442600000000000000.000000 
4557300000000000000.000000 
4671700000000000000.000000 
4786500000000000000.000000 
4900300000000000000.000000 
5014300000000000000.000000 
5127700000000000000.000000 
5241300000000000000.000000 
5354200000000000000.000000 
5467000000000000000.000000 
5578700000000000000.000000 
5689400000000000000.000000 
5799700000000000000.000000 
5909100000000000000.000000 
6017800000000000000.000000 
6125700000000000000.000000 
6232800000000000000.000000 
6338100000000000000.000000 
6442700000000000000.000000 
6546000000000000000.000000 
6647600000000000000.000000 
6749300000000000000.000000 
6849000000000000000.000000 
6947000000000000000.000000 
7044200000000000000.000000 
7139200000000000000.000000 
7233400000000000000.000000 
7326400000000000000.000000 
7417200000000000000.000000 
7507000000000000000.000000 
7594400000000000000.000000 
7680200000000000000.000000 
7763700000000000000.000000 
7845900000000000000.000000 
7926100000000000000.000000 
8004100000000000000.000000 
8082200000000000000.000000 
8157700000000000000.000000 
8231200000000000000.000000 
8302400000000000000.000000 
8371500000000000000.000000 
8438800000000000000.000000 
8504400000000000000.000000 
8567300000000000000.000000 
8628400000000000000.000000 
8687400000000000000.000000 
8744100000000000000.000000 
8798700000000000000.000000 
8851200000000000000.000000 
8901400000000000000.000000 
8949500000000000000.000000 
8995300000000000000.000000 
9039400000000000000.000000 
9080700000000000000.000000 
9119500000000000000.000000 
9156000000000000000.000000 
9190200000000000000.000000 
9222200000000000000.000000 
9251900000000000000.000000 
9279800000000000000.000000 
9305500000000000000.000000 
9328600000000000000.000000 
9349300000000000000.000000 
9366900000000000000.000000 
9383300000000000000.000000 
9395800000000000000.000000 
9408000000000000000.000000 
9415700000000000000.000000 
9423600000000000000.000000 
9428800000000000000.000000 
9431800000000000000.000000 
9429300000000000000.000000 
9428300000000000000.000000 
9426100000000000000.000000 
9418800000000000000.000000 
9411400000000000000.000000 
9403400000000000000.000000 
9389900000000000000.000000 
9377900000000000000.000000 
9364600000000000000.000000 
9350000000000000000.000000 
9332200000000000000.000000 
9313400000000000000.000000 
9292800000000000000.000000 
9271100000000000000.000000 
9247400000000000000.000000 
9223300000000000000.000000 
9193400000000000000.000000 
9167300000000000000.000000 
9135300000000000000.000000 
9107100000000000000.000000 
9073200000000000000.000000 
9043600000000000000.000000 
9009700000000000000.000000 
8976900000000000000.000000 
8943500000000000000.000000 
8909000000000000000.000000 
8873800000000000000.000000 
8837800000000000000.000000 
8800100000000000000.000000 
8763300000000000000.000000 
8725600000000000000.000000 
8684400000000000000.000000 
8646900000000000000.000000 
8608500000000000000.000000 
8569600000000000000.000000 
8530400000000000000.000000 
8490100000000000000.000000 
8448900000000000000.000000 
8409800000000000000.000000 
8370400000000000000.000000 
8330500000000000000.000000 
8287100000000000000.000000 
8247900000000000000.000000 
8208600000000000000.000000 
8167300000000000000.000000 
8128200000000000000.000000 
8088800000000000000.000000 
8049200000000000000.000000 
8010100000000000000.000000 
7969300000000000000.000000 
7930700000000000000.000000 
7891800000000000000.000000 
7853100000000000000.000000 
7814500000000000000.000000 
7776000000000000000.000000 
7735400000000000000.000000 
7694900000000000000.000000 
7657900000000000000.000000 
7620700000000000000.000000 
7581200000000000000.000000 
7541400000000000000.000000 
7503200000000000000.000000 
7464100000000000000.000000 
7425700000000000000.000000 
7387300000000000000.000000 
7351700000000000000.000000 
7313300000000000000.000000 
7276200000000000000.000000 
7238300000000000000.000000 
7201700000000000000.000000 
7164200000000000000.000000 
7129000000000000000.000000 
7093700000000000000.000000 
7057500000000000000.000000 
7023200000000000000.000000 
6988500000000000000.000000 
6954000000000000000.000000 
6919100000000000000.000000 
6884800000000000000.000000 
6850400000000000000.000000 
6816000000000000000.000000 
6781700000000000000.000000 
6747600000000000000.000000 
6713600000000000000.000000 
6679700000000000000.000000 
6646100000000000000.000000 
6612300000000000000.000000 
6579200000000000000.000000 
6546100000000000000.000000 
6510300000000000000.000000 
6478400000000000000.000000 
6445600000000000000.000000 
6413700000000000000.000000 
6379400000000000000.000000 
6348100000000000000.000000 
6316200000000000000.000000 
6285500000000000000.000000 
6255500000000000000.000000 
6225300000000000000.000000 
6195800000000000000.000000 
6166000000000000000.000000 
6138000000000000000.000000 
6109900000000000000.000000 
6082200000000000000.000000 
6054900000000000000.000000 
6028200000000000000.000000 
6002500000000000000.000000 
5976500000000000000.000000 
5953300000000000000.000000 
5928400000000000000.000000 
5906300000000000000.000000 
5884700000000000000.000000 
5863900000000000000.000000 
5844400000000000000.000000 
5825600000000000000.000000 
5807900000000000000.000000 
5791200000000000000.000000 
5775300000000000000.000000 
5761000000000000000.000000 
5747500000000000000.000000 
5735500000000000000.000000 
5724300000000000000.000000 
5714600000000000000.000000 
5705900000000000000.000000 
5698700000000000000.000000 
5692500000000000000.000000 
5687700000000000000.000000 
5684000000000000000.000000 
5681500000000000000.000000 
5679800000000000000.000000 
5678300000000000000.000000 
5678000000000000000.000000 
5680800000000000000.000000 
5684100000000000000.000000 
5688300000000000000.000000 
5694000000000000000.000000 
5701700000000000000.000000 
5709700000000000000.000000 
5719400000000000000.000000 
5729900000000000000.000000 
5741300000000000000.000000 
5753200000000000000.000000 
5765700000000000000.000000 
5778900000000000000.000000 
5794400000000000000.000000 
5809700000000000000.000000 
5826500000000000000.000000 
5844000000000000000.000000 
5862100000000000000.000000 
5880800000000000000.000000 
5899900000000000000.000000 
5919400000000000000.000000 
5939200000000000000.000000 
5959100000000000000.000000 
5979800000000000000.000000 
5999600000000000000.000000 
6020500000000000000.000000 
6041200000000000000.000000 
6061800000000000000.000000 
6082400000000000000.000000 
6102600000000000000.000000 
6122900000000000000.000000 
6142300000000000000.000000 
6162400000000000000.000000 
6182000000000000000.000000 
6201300000000000000.000000 
6220300000000000000.000000 
6238900000000000000.000000 
6257100000000000000.000000 
6274900000000000000.000000 
6292300000000000000.000000 
6309300000000000000.000000 
6325900000000000000.000000 
6342000000000000000.000000 
6357700000000000000.000000 
6373100000000000000.000000 
6388000000000000000.000000 
6402500000000000000.000000 
6416600000000000000.000000 
6430400000000000000.000000 
6443800000000000000.000000 
6456800000000000000.000000 
6469600000000000000.000000 
6482000000000000000.000000 
6493700000000000000.000000 
6505900000000000000.000000 
6517000000000000000.000000 
6528500000000000000.000000 
6539000000000000000.000000 
6549900000000000000.000000 
6559800000000000000.000000 
6569900000000000000.000000 
6579200000000000000.000000 
6588500000000000000.000000 
6597200000000000000.000000 
6605400000000000000.000000 
6612900000000000000.000000 
6620000000000000000.000000 
6626600000000000000.000000 
6632800000000000000.000000 
6638200000000000000.000000 
6643100000000000000.000000 
6647000000000000000.000000 
6649300000000000000.000000 
6651100000000000000.000000 
6652700000000000000.000000 
6653600000000000000.000000 
6653700000000000000.000000 
6652400000000000000.000000 
6650500000000000000.000000 
6647300000000000000.000000 
6643100000000000000.000000 
6637700000000000000.000000 
6630700000000000000.000000 
6623000000000000000.000000 
6613500000000000000.000000 
6602900000000000000.000000 
6591000000000000000.000000 
6577700000000000000.000000 
6563200000000000000.000000 
6546900000000000000.000000 
6529200000000000000.000000 
6509900000000000000.000000 
6489000000000000000.000000 
6466400000000000000.000000 
6442300000000000000.000000 
6415700000000000000.000000 
6388500000000000000.000000 
6358000000000000000.000000 
6326200000000000000.000000 
6293500000000000000.000000 
6257500000000000000.000000 
6220900000000000000.000000 
6182400000000000000.000000 
6141900000000000000.000000 
6099800000000000000.000000 
6055400000000000000.000000 
6008800000000000000.000000 
5960500000000000000.000000 
5909100000000000000.000000 
5856500000000000000.000000 
5800700000000000000.000000 
5743900000000000000.000000 
5684000000000000000.000000 
5623200000000000000.000000 
5560800000000000000.000000 
5495900000000000000.000000 
5428500000000000000.000000 
5359200000000000000.000000 
5287600000000000000.000000 
5214800000000000000.000000 
5139900000000000000.000000 
5063000000000000000.000000 
4984200000000000000.000000 
4903400000000000000.000000 
4820900000000000000.000000 
4736100000000000000.000000 
4649900000000000000.000000 
4562300000000000000.000000 
4473400000000000000.000000 
4383100000000000000.000000 
4291200000000000000.000000 
4198600000000000000.000000 
4104500000000000000.000000 
4008400000000000000.000000 
3911900000000000000.000000 
3814400000000000000.000000 
3716700000000000000.000000 
3617900000000000000.000000 
3518800000000000000.000000 
3419000000000000000.000000 
3319300000000000000.000000 
3218900000000000000.000000 
3119400000000000000.000000 
3019000000000000000.000000 
2920000000000000000.000000 
2821700000000000000.000000 
2723100000000000000.000000 
2626300000000000000.000000 
2529000000000000000.000000 
2433700000000000000.000000 
2340500000000000000.000000 
2248000000000000000.000000 
2157900000000000000.000000 
2069200000000000000.000000 
1982600000000000000.000000 
1898500000000000000.000000 
1816300000000000000.000000 
1736400000000000000.000000 
1659400000000000000.000000 
1585100000000000000.000000 
1513300000000000000.000000 
1444000000000000000.000000 
1378000000000000000.000000 
1314500000000000000.000000 
1254000000000000000.000000 
1196400000000000000.000000 
1141700000000000000.000000 
1089700000000000000.000000 
1040400000000000000.000000 
994180000000000000.000000 
950560000000000000.000000 
909430000000000000.000000 
871040000000000000.000000 
835300000000000000.000000 
801520000000000000.000000 
770150000000000000.000000 
741080000000000000.000000 
713800000000000000.000000 
688680000000000000.000000 
665020000000000000.000000 
643210000000000000.000000 
623000000000000000.000000 
603950000000000000.000000 
586360000000000000.000000 
569840000000000000.000000 
554610000000000000.000000 
540190000000000000.000000 
526700000000000000.000000 
514030000000000000.000000 
502180000000000000.000000 
490990000000000000.000000 
480470000000000000.000000 
470430000000000000.000000 
460960000000000000.000000 
451910000000000000.000000 
443240000000000000.000000 
435020000000000000.000000 
427090000000000000.000000 
419440000000000000.000000 
412120000000000000.000000 
405030000000000000.000000 
398290000000000000.000000 
391670000000000000.000000 
385250000000000000.000000 
379120000000000000.000000 
373130000000000000.000000 
367320000000000000.000000 
361760000000000000.000000 
356260000000000000.000000 
350890000000000000.000000 
345640000000000000.000000 
340570000000000000.000000 
335590000000000000.000000 
330800000000000000.000000 
326080000000000000.000000 
321500000000000000.000000 
317010000000000000.000000 
312580000000000000.000000 
308280000000000000.000000 
304030000000000000.000000 
299900000000000000.000000 
295790000000000000.000000 
291780000000000000.000000 
287930000000000000.000000 
284180000000000000.000000 
280440000000000000.000000 
276800000000000000.000000 
273200000000000000.000000 
269690000000000000.000000 
266220000000000000.000000 
262840000000000000.000000 
259500000000000000.000000 
256230000000000000.000000 
253020000000000000.000000 
249870000000000000.000000 
246770000000000000.000000 
243720000000000000.000000 
240730000000000000.000000 
237790000000000000.000000 
234900000000000000.000000 
232060000000000000.000000 
229270000000000000.000000 
226520000000000000.000000 
223820000000000000.000000 
221160000000000000.000000 
218550000000000000.000000 
215970000000000000.000000 
213440000000000000.000000 
210950000000000000.000000 
208500000000000000.000000 
206080000000000000.000000 
203710000000000000.000000 
201370000000000000.000000 
199060000000000000.000000 
196790000000000000.000000 
194560000000000000.000000 
192350000000000000.000000 
190180000000000000.000000 
188030000000000000.000000 
185940000000000000.000000 
183870000000000000.000000 
181770000000000000.000000 
179760000000000000.000000 
177800000000000000.000000 
175830000000000000.000000 
173910000000000000.000000 
172010000000000000.000000 
170120000000000000.000000 
168290000000000000.000000 
166450000000000000.000000 
164620000000000000.000000 
162840000000000000.000000 
161090000000000000.000000 
159350000000000000.000000 
157660000000000000.000000 
155970000000000000.000000 
154340000000000000.000000 
152710000000000000.000000 
151070000000000000.000000 
149510000000000000.000000 
147940000000000000.000000 
146370000000000000.000000 
144830000000000000.000000 
143330000000000000.000000 
141850000000000000.000000 
140360000000000000.000000 
138910000000000000.000000 
137480000000000000.000000 
136060000000000000.000000 
134670000000000000.000000 
133280000000000000.000000 
131920000000000000.000000 
130590000000000000.000000 
129260000000000000.000000 
127920000000000000.000000 
126650000000000000.000000 
125340000000000000.000000 
124100000000000000.000000 
122820000000000000.000000 
121610000000000000.000000 
120390000000000000.000000 
119190000000000000.000000 
118010000000000000.000000 
116820000000000000.000000 
115670000000000000.000000 
114530000000000000.000000 
113380000000000000.000000 
112260000000000000.000000 
111160000000000000.000000 
110060000000000000.000000 
108980000000000000.000000 
107910000000000000.000000 
106860000000000000.000000 
105820000000000000.000000 
104790000000000000.000000 
103760000000000000.000000 
102750000000000000.000000 
101760000000000000.000000 
100780000000000000.000000 
99804000000000000.000000 
98848000000000000.000000 
97903000000000000.000000 
96963000000000000.000000 
96042000000000000.000000 
95122000000000000.000000 
94213000000000000.000000 
93319000000000000.000000 
92428000000000000.000000 
91556000000000000.000000 
90693000000000000.000000 
89836000000000000.000000 
88988000000000000.000000 
88154000000000000.000000 
87319000000000000.000000 
86503000000000000.000000 
85700000000000000.000000 
84900000000000000.000000 
84104000000000000.000000 
83321000000000000.000000 
82550000000000000.000000 
81784000000000000.000000 
81029000000000000.000000 
80280000000000000.000000 
79542000000000000.000000 
78810000000000000.000000 
78087000000000000.000000 
77371000000000000.000000 
76664000000000000.000000 
75964000000000000.000000 
75272000000000000.000000 
74587000000000000.000000 
73910000000000000.000000 
73240000000000000.000000 
72578000000000000.000000 
71922000000000000.000000 
71273000000000000.000000 
70632000000000000.000000 
69997000000000000.000000 
69369000000000000.000000 
68748000000000000.000000 
68133000000000000.000000 
67526000000000000.000000 
66923000000000000.000000 
66330000000000000.000000 
65740000000000000.000000 
65158000000000000.000000 
64582000000000000.000000 
64011000000000000.000000 
63447000000000000.000000 
62887000000000000.000000 
62336000000000000.000000 
61789000000000000.000000 
61247000000000000.000000 
60711000000000000.000000 
60183000000000000.000000 
59658000000000000.000000 
59140000000000000.000000 
58627000000000000.000000 
58120000000000000.000000 
57617000000000000.000000 
57120000000000000.000000 
56627000000000000.000000 
56140000000000000.000000 
55657000000000000.000000 
55180000000000000.000000 
54707000000000000.000000 
54239000000000000.000000 
53775000000000000.000000 
53317000000000000.000000 
52863000000000000.000000 
52413000000000000.000000 
51968000000000000.000000 
51527000000000000.000000 
51091000000000000.000000 
50658000000000000.000000 
50230000000000000.000000 
49806000000000000.000000 
49386000000000000.000000 
48971000000000000.000000 
48558000000000000.000000 
48150000000000000.000000 
47745000000000000.000000 
47346000000000000.000000 
46948000000000000.000000 
46555000000000000.000000 
46164000000000000.000000 
45778000000000000.000000 
45396000000000000.000000 
45016000000000000.000000 
44641000000000000.000000 
44267000000000000.000000 
43898000000000000.000000 
43531000000000000.000000 
43168000000000000.000000 
42807000000000000.000000 
42449000000000000.000000 
42094000000000000.000000 
41742000000000000.000000 
41392000000000000.000000 
41046000000000000.000000 
40701000000000000.000000 
40360000000000000.000000 
40020000000000000.000000 
39683000000000000.000000 
39347000000000000.000000 
39015000000000000.000000 
38683000000000000.000000 
38356000000000000.000000 
38028000000000000.000000 
37704000000000000.000000 
37380000000000000.000000 
37059000000000000.000000 
36739000000000000.000000 
36421000000000000.000000 
36105000000000000.000000 
35789000000000000.000000 
35476000000000000.000000 
35164000000000000.000000 
34854000000000000.000000 
34545000000000000.000000 
34237000000000000.000000 
33931000000000000.000000 
33626000000000000.000000 
33321000000000000.000000 
33017000000000000.000000 
32714000000000000.000000 
32413000000000000.000000 
32112000000000000.000000 
31813000000000000.000000 
31515000000000000.000000 
31218000000000000.000000 
30922000000000000.000000 
30627000000000000.000000 
30332000000000000.000000 
30038000000000000.000000 
29745000000000000.000000 
29453000000000000.000000 
29161000000000000.000000 
28869000000000000.000000 
28578000000000000.000000 
28288000000000000.000000 
27998000000000000.000000 
27709000000000000.000000 
27421000000000000.000000 
27133000000000000.000000 
26845000000000000.000000 
26559000000000000.000000 
26272000000000000.000000 
25987000000000000.000000 
25701000000000000.000000 
25417000000000000.000000 
25132000000000000.000000 
24848000000000000.000000 
24565000000000000.000000 
24282000000000000.000000 
23999000000000000.000000 
23718000000000000.000000 
23437000000000000.000000 
23157000000000000.000000 
22878000000000000.000000 
22600000000000000.000000 
22322000000000000.000000 
22046000000000000.000000 
21770000000000000.000000 
21496000000000000.000000 
21222000000000000.000000 
20949000000000000.000000 
20677000000000000.000000 
20407000000000000.000000 
20136000000000000.000000 
19868000000000000.000000 
19600000000000000.000000 
19333000000000000.000000 
19067000000000000.000000 
18804000000000000.000000 
18540000000000000.000000 
18279000000000000.000000 
18018000000000000.000000 
17759000000000000.000000 
17501000000000000.000000 
17245000000000000.000000 
16990000000000000.000000 
16737000000000000.000000 
16484000000000000.000000 
16234000000000000.000000 
15984000000000000.000000 
15738000000000000.000000 
15492000000000000.000000 
15248000000000000.000000 
15006000000000000.000000 
14765000000000000.000000 
14526000000000000.000000 
14289000000000000.000000 
14054000000000000.000000 
13821000000000000.000000 
13589000000000000.000000 
13360000000000000.000000 
13133000000000000.000000 
12908000000000000.000000 
12684000000000000.000000 
12464000000000000.000000 
12244000000000000.000000 
12028000000000000.000000 
11813000000000000.000000 
11600000000000000.000000 
11389000000000000.000000 
11181000000000000.000000 
10975000000000000.000000 
10770000000000000.000000 
10569000000000000.000000 
10369000000000000.000000 
10172000000000000.000000 
9976300000000000.000000 
9783000000000000.000000 
9591900000000000.000000 
9402800000000000.000000 
9216800000000000.000000 
9033000000000000.000000 
8851700000000000.000000 
8672600000000000.000000 
8495700000000000.000000 
8320800000000000.000000 
8148600000000000.000000 
7978200000000000.000000 
7811100000000000.000000 
7646300000000000.000000 
7483200000000000.000000 
7322600000000000.000000 
7163600000000000.000000 
7008300000000000.000000 
6855600000000000.000000 
6705100000000000.000000 
6556900000000000.000000 
6411000000000000.000000 
6267400000000000.000000 
6126000000000000.000000 
5986900000000000.000000 
5850000000000000.000000 
5715500000000000.000000 
5583000000000000.000000 
5452900000000000.000000 
5324900000000000.000000 
5199200000000000.000000 
5075400000000000.000000 
4954300000000000.000000 
4834700000000000.000000 
4717600000000000.000000 
4602400000000000.000000 
4489100000000000.000000 
4377600000000000.000000 
4268700000000000.000000 
4162200000000000.000000 
4057500000000000.000000 
3955000000000000.000000 
3854500000000000.000000 
3755400000000000.000000 
3659200000000000.000000 
3564800000000000.000000 
3471500000000000.000000 
3380200000000000.000000 
3290700000000000.000000 
3203000000000000.000000 
3117100000000000.000000 
3033200000000000.000000 
2951000000000000.000000 
2870700000000000.000000 
2792500000000000.000000 
2716200000000000.000000 
2641100000000000.000000 
2567500000000000.000000 
2495900000000000.000000 
2427400000000000.000000 
2357800000000000.000000 
2290800000000000.000000 
2225500000000000.000000 
2161600000000000.000000 
2099400000000000.000000 
2038800000000000.000000 
1979400000000000.000000 
1921400000000000.000000 
1864900000000000.000000 
1809900000000000.000000 
1756300000000000.000000 
1703800000000000.000000 
1652900000000000.000000 
1603100000000000.000000 
1554500000000000.000000 
1506900000000000.000000 
1460500000000000.000000 
1415300000000000.000000 
1371300000000000.000000 
1329600000000000.000000 
1286800000000000.000000 
1246400000000000.000000 
1207100000000000.000000 
1168800000000000.000000 
1131700000000000.000000 
1095700000000000.000000 
1060500000000000.000000 
1026200000000000.000000 
993020000000000.000000 
960830000000000.000000 
929400000000000.000000 
898840000000000.000000 
869270000000000.000000 
840590000000000.000000 
812590000000000.000000 
785360000000000.000000 
758820000000000.000000 
733150000000000.000000 
708240000000000.000000 
684120000000000.000000 
660730000000000.000000 
638320000000000.000000 
616190000000000.000000 
595110000000000.000000 
574300000000000.000000 
554500000000000.000000 
534930000000000.000000 
516340000000000.000000 
497960000000000.000000 
480510000000000.000000 
463320000000000.000000 
446920000000000.000000 
430780000000000.000000 
415410000000000.000000 
400280000000000.000000 
385890000000000.000000 
371720000000000.000000 
358240000000000.000000 
344980000000000.000000 
332380000000000.000000 
320010000000000.000000 
308220000000000.000000 
296640000000000.000000 
285620000000000.000000 
274810000000000.000000 
264530000000000.000000 
254440000000000.000000 
244840000000000.000000 
235430000000000.000000 
226490000000000.000000 
217730000000000.000000 
209390000000000.000000 
201230000000000.000000 
193460000000000.000000 
185860000000000.000000 
178640000000000.000000 
171570000000000.000000 
164850000000000.000000 
158280000000000.000000 
152040000000000.000000 
145950000000000.000000 
140140000000000.000000 
134480000000000.000000 
129100000000000.000000 
123850000000000.000000 
118850000000000.000000 
113980000000000.000000 
109360000000000.000000 
104840000000000.000000 
100560000000000.000000 
96388000000000.000000 
92418000000000.000000 
88554000000000.000000 
84883000000000.000000 
81310000000000.000000 
77916000000000.000000 
74614000000000.000000 
71479000000000.000000 
68430000000000.000000 
65536000000000.000000 
62726000000000.000000 
