0                         0
0.1                       2.4235219468048494E-4
0.2                       2124.32706338995
0.30000000000000004       276114.2343097673
0.4                       6.496156217197442E7
0.5                       1.5018710480702105E9
0.6000000000000001        1.2396436101927654E10
0.7000000000000001        7.250524963803682E10
0.8                       4.941906227074096E11
0.9                       1.7519155476153625E12
1                         4.471864810698076E12
1.1                       1.0568056122960076E13
1.2000000000000002        2.1811953467027242E13
1.3                       4.051128414993907E13
1.4000000000000001        7.121478628287428E13
1.5                       1.176286939352238E14
1.6                       1.8475766026096734E14
1.7000000000000002        2.8412864080625575E14
1.8                       4.124913209988451E14
1.9000000000000001        5.744282832027299E14
2                         7.792222859254519E14
2.1                       1.0209813454195395E15
2.2                       1.3057059895093975E15
2.3000000000000003        1.6415160201522658E15
2.4000000000000004        2.022717156040966E15
2.5                       2.452672262168768E15
2.6                       2.9343391499863605E15
2.7                       3.4653300654921125E15
2.8000000000000003        4.044811138686708E15
2.9000000000000004        4.67234240764203E15
3                         5.348366727149631E15
3.1                       6.067543042405166E15
3.2                       6.828506277553707E15
3.3000000000000003        7.633347938280889E15
3.4000000000000004        8.465219617800687E15
3.5                       9.323466811156354E15
3.6                       1.0212798130879344E16
3.7                       1.1133213576969658E16
3.8000000000000003        1.2084713149427288E16
3.9000000000000004        1.3067296848252246E16
4                         1.4052234695038388E16
4.1000000000000005        1.5054798400646222E16
4.2                       1.6078626452413222E16
4.3                       1.7123718850339394E16
4.4                       1.8190075594424752E16
4.5                       1.9277023710867424E16
4.6000000000000005        2.034427482878748E16
4.7                       2.1420703912889976E16
4.800000000000001         2.250631096317496E16
4.9                       2.3601095979642392E16
5                         2.4705058962292288E16
5.1000000000000005        2.581345208815004E16
5.2                       2.6901917452808652E16
5.300000000000001         2.7990139246743536E16
5.4                       2.907811746995466E16
5.5                       3.016585212244204E16
5.6000000000000005        3.1253343204205696E16
5.7                       3.2334380066948888E16
5.800000000000001         3.3397531046406756E16
5.9                       3.4454063534656604E16
6                         3.5503977531698436E16
6.1000000000000005        3.6547273037532264E16
6.2                       3.7583950052158072E16
6.300000000000001         3.860695375574544E16
6.4                       3.9611680524413032E16
6.5                       4.0604978399887112E16
6.6000000000000005        4.1586847382167712E16
6.7                       4.2557287471254784E16
6.800000000000001         4.3516298667148352E16
6.9                       4.4463880969848432E16
7                         4.5400034379355008E16
7.1000000000000005        4.6324758895668072E16
7.2                       4.7238054518787632E16
7.300000000000001         4.8139921248713712E16
7.4                       4.9030359085446256E16
7.5                       4.990637366673032E16
7.6000000000000005        5.0769465056591456E16
7.7                       5.1620496492735256E16
7.800000000000001         5.2459467975161736E16
7.9                       5.3286379503870872E16
8                         5.4101231078862688E16
8.1                       5.490402270013716E16
8.200000000000001         5.5694754367694344E16
8.3                       5.6473426081534176E16
8.4                       5.724003784165668E16
8.5                       5.7994589648061856E16
8.6                       5.8737140872291112E16
8.700000000000001         5.9468682400847616E16
8.8                       6.0188337089103168E16
8.9                       6.08961049370578E16
9                         6.1591985944711496E16
9.1                       6.2275980112064248E16
9.200000000000001         6.2948087439116096E16
9.3                       6.3608307925867E16
9.4                       6.4256641572316992E16
9.5                       6.4893088378466048E16
9.600000000000001         6.5517648344314184E16
9.700000000000001         6.6130321469861376E16
9.8                       6.673379217133536E16
9.9                       6.7331096668121512E16
10                        6.7917767538223944E16
10.100000000000001        6.849380478164264E16
10.200000000000001        6.9059208398377632E16
10.3                      6.9613978388428872E16
10.4                      7.0158114751796384E16
10.5                      7.0691617488480176E16
10.600000000000001        7.1214486598480256E16
10.700000000000001        7.1726722081796592E16
10.8                      7.2228323938429184E16
10.9                      7.271929216837808E16
11                        7.3206259195569744E16
11.100000000000001        7.3687488774615248E16
11.200000000000001        7.415973078687192E16
11.3                      7.4622985232339856E16
11.4                      7.5077252111018976E16
11.5                      7.5522531422909296E16
11.600000000000001        7.5958823168010864E16
11.700000000000001        7.6386127346323616E16
11.8                      7.6804443957847568E16
11.9                      7.7213773002582752E16
12                        7.7614114480529136E16
12.100000000000001        7.8005468391686752E16
12.200000000000001        7.8397547848058192E16
12.3                      7.8782736144581136E16
12.4                      7.9160554458484736E16
12.5                      7.9531002789768992E16
12.600000000000001        7.9894081138433968E16
12.700000000000001        8.0249789504479584E16
12.8                      8.0598127887905856E16
12.9                      8.09390962887128E16
13                        8.1272694706900432E16
13.100000000000001        8.1598923142468704E16
13.200000000000001        8.191778159541768E16
13.3                      8.2231350661522464E16
13.4                      8.2544803205127184E16
13.5                      8.2852300516223632E16
13.600000000000001        8.3153842594811808E16
13.700000000000001        8.3449429440891696E16
13.8                      8.3739061054463296E16
13.9                      8.4022737435526592E16
14                        8.4300458584081616E16
14.100000000000001        8.4572224500128352E16
14.200000000000001        8.4838035183666816E16
14.3                      8.5097890634696976E16
14.4                      8.5351790853218864E16
14.5                      8.5605793552384848E16
14.600000000000001        8.5860342579012048E16
14.700000000000001        8.6110757975735408E16
14.8                      8.63570397425548E16
14.9                      8.6599187879470304E16
15                        8.6837202386481904E16
15.100000000000001        8.7071083263589616E16
15.200000000000001        8.7300830510793424E16
15.3                      8.7526444128093312E16
15.4                      8.7747924115489312E16
15.5                      8.7965270472981392E16
15.600000000000001        8.8178483200569584E16
15.700000000000001        8.8387562298253872E16
15.8                      8.859250776603424E16
15.9                      8.8793319603910704E16
16                        8.898999781188328E16
16.1                      8.9182542389951968E16
16.2                      8.937095333811672E16
16.3                      8.9555230656377584E16
16.400000000000002        8.9735374344734576E16
16.5                      8.9911384403187616E16
16.6                      9.0083260831736768E16
16.7                      9.0251003630382016E16
16.8                      9.0416131684279584E16
16.900000000000002        9.0587227562179696E16
17                        9.0755131485892688E16
17.1                      9.0919843455418624E16
17.2                      9.1081363470757456E16
17.3                      9.1239691531909216E16
17.400000000000002        9.1394827638873904E16
17.5                      9.1546771791651504E16
17.6                      9.1695523990242032E16
17.7                      9.1841084234645472E16
17.8                      9.1983452524861856E16
17.900000000000002        9.212262886089112E16
18                        9.2258613242733312E16
18.1                      9.2391405670388448E16
18.2                      9.2521006143856464E16
18.3                      9.264741466313744E16
18.400000000000002        9.2770631228231312E16
18.5                      9.2890655839138144E16
18.6                      9.3007488495857808E16
18.7                      9.3121129198390464E16
18.8                      9.3231577946736032E16
18.900000000000002        9.3338834740894496E16
19                        9.3442899580865904E16
19.1                      9.3543772466650208E16
19.200000000000003        9.365089391838064E16
19.3                      9.37592247640624E16
19.400000000000002        9.3865433849660752E16
19.5                      9.3969521175175696E16
19.6                      9.4071486740607248E16
19.700000000000003        9.4171330545955408E16
19.8                      9.4269052591220144E16
19.900000000000002        9.4364652876401504E16
20                        9.4458131401499424E16
20.1                      9.4549488166513952E16
20.200000000000003        9.4638723171445104E16
20.3                      9.4725836416292832E16
20.400000000000002        9.4810827901057152E16
20.5                      9.4893697625738064E16
20.6                      9.4974445590335584E16
20.700000000000003        9.5053071794849728E16
20.8                      9.5129576239280432E16
20.900000000000002        9.5203958923627744E16
21                        9.5276219847891648E16
21.1                      9.5346359012072176E16
21.200000000000003        9.5414376416169264E16
21.3                      9.548027206018296E16
21.400000000000002        9.554404594411328E16
21.5                      9.560860823199096E16
21.6                      9.5677597178832E16
21.700000000000003        9.574521936743944E16
21.8                      9.58114747978132E16
21.900000000000002        9.5876363469953344E16
22                        9.5939885383859856E16
22.1                      9.6002040539532752E16
22.200000000000003        9.6062828936971968E16
22.3                      9.6122250576177584E16
22.400000000000002        9.6180305457149568E16
22.5                      9.6236993579887904E16
22.6                      9.6292314944392592E16
22.700000000000003        9.6346269550663664E16
22.8                      9.6398857398701136E16
22.900000000000002        9.6450078488504912E16
23                        9.6499932820075104E16
23.1                      9.6548420393411632E16
23.200000000000003        9.6595541208514544E16
23.3                      9.6641295265383792E16
23.400000000000002        9.6685682564019424E16
23.5                      9.6728703104421424E16
23.6                      9.6770356886589792E16
23.700000000000003        9.6810643910524528E16
23.8                      9.6849564176225616E16
23.900000000000002        9.6892700366276816E16
24                        9.6935442701641136E16
24.1                      9.6977317873478288E16
24.200000000000003        9.7018325881788256E16
24.3                      9.705846672657104E16
24.400000000000002        9.7097740407826656E16
24.5                      9.7136146925555056E16
24.6                      9.7173686279756272E16
24.700000000000003        9.7210358470430304E16
24.8                      9.72461634975772E16
24.900000000000002        9.7281101361196896E16
25                        9.7315172061289392E16
25.1                      9.7348375597854688E16
25.200000000000003        9.7380711970892848E16
25.3                      9.7412181180403792E16
25.400000000000002        9.74427832263876E16
25.5                      9.7472518108844192E16
25.6                      9.75013858277736E16
25.700000000000003        9.752938638317584E16
25.8                      9.7556519775050864E16
25.900000000000002        9.7582786003398752E16
26                        9.760818506821944E16
26.1                      9.7632716969512928E16
26.200000000000003        9.7658355643977184E16
26.3                      9.7685246942074176E16
26.400000000000002        9.7711593018522256E16
26.5                      9.7737393873321392E16
26.6                      9.7762649506471632E16
26.700000000000003        9.7787359917972944E16
26.8                      9.7811525107825344E16
26.900000000000002        9.7835145076028816E16
27                        9.785821982258336E16
27.1                      9.7880749347489024E16
27.200000000000003        9.7902733650745744E16
27.3                      9.7924172732353552E16
27.400000000000002        9.7945066592312448E16
27.5                      9.7965415230622432E16
27.6                      9.7985218647283456E16
27.700000000000003        9.8004476842295584E16
27.8                      9.8023189815658816E16
27.900000000000002        9.8041357567373104E16
28                        9.8058980097438496E16
28.1                      9.8076057405854928E16
28.200000000000003        9.8092589492622496E16
28.3                      9.8108576357741104E16
28.400000000000002        9.8124018001210816E16
28.5                      9.8139273717902608E16
28.6                      9.8157154193830608E16
28.700000000000003        9.8174776156438368E16
28.8                      9.8192139605725904E16
28.900000000000002        9.82092445416932E16
29                        9.8226090964340224E16
29.1                      9.8242678873667072E16
29.200000000000003        9.8259008269673632E16
29.3                      9.8275079152359984E16
29.400000000000002        9.8290891521726096E16
29.5                      9.8306445377771952E16
29.6                      9.8321740720497584E16
29.700000000000003        9.8336777549902976E16
29.8                      9.8351555865988112E16
29.900000000000002        9.8366075668753056E16
30                        9.8380336958197728E16
30.1                      9.839433973432216E16
30.200000000000003        9.8408083997126384E16
30.3                      9.8421569746610368E16
30.400000000000002        9.8434796982774096E16
30.5                      9.84477657056176E16
30.6                      9.846047591514088E16
30.700000000000003        9.8472927611343888E16
30.8                      9.8485120794226672E16
30.900000000000002        9.8497055463789216E16
31                        9.8508731620031536E16
31.1                      9.85201492629536E16
31.200000000000003        9.853130839255544E16
31.3                      9.854220900883704E16
31.400000000000002        9.8552851111798432E16
31.5                      9.8563234701439568E16
31.6                      9.8573359777760432E16
31.700000000000003        9.8583226340761088E16
31.8                      9.859283439044152E16
31.900000000000002        9.860218392680168E16
32                        9.8611274949841648E16
32.1                      9.8620107459561328E16
32.2                      9.86286814559608E16
32.300000000000004        9.8636996939040048E16
32.4                      9.864505390879904E16
32.5                      9.8652852365237792E16
32.6                      9.8660392308356336E16
32.7                      9.8667673738154608E16
32.800000000000004        9.867469665463264E16
32.9                      9.8681461057790464E16
33                        9.8687966947628064E16
33.1                      9.8694214324145376E16
33.2                      9.8700871445022176E16
33.300000000000004        9.8708933868666192E16
33.4                      9.87168341436432E16
33.5                      9.8724572269953136E16
33.6                      9.873214824759608E16
33.7                      9.8739562076572016E16
33.800000000000004        9.874681375688088E16
33.9                      9.8753903288522736E16
34                        9.876083067149752E16
34.1                      9.8767595905805344E16
34.2                      9.8774198991446112E16
34.300000000000004        9.8780639928419824E16
34.4                      9.8786918716726544E16
34.5                      9.8793035356366224E16
34.6                      9.879898984733888E16
34.7                      9.8804782189644496E16
34.800000000000004        9.8810412383283088E16
34.9                      9.8815880428254672E16
35                        9.88211863245592E16
35.1                      9.8826330072196704E16
35.2                      9.8831311671167184E16
35.300000000000004        9.8836131121470624E16
35.4                      9.8840788423107056E16
35.5                      9.8845283576076464E16
35.6                      9.8849616580378848E16
35.7                      9.885378743601416E16
35.800000000000004        9.885779614298248E16
35.9                      9.8861642701283744E16
36                        9.8865327110918E16
36.1                      9.8868849371885248E16
36.2                      9.8872209484185408E16
36.300000000000004        9.8875407447818592E16
36.4                      9.887844326278472E16
36.5                      9.888131692908384E16
36.6                      9.888402844671592E16
36.7                      9.8886577815680976E16
36.800000000000004        9.8888965035978992E16
36.9                      9.8891190107609984E16
37                        9.8893253030573968E16
37.1                      9.8895153804870912E16
37.2                      9.8896892430500832E16
37.300000000000004        9.8898468907463728E16
37.4                      9.8899883235759552E16
37.5                      9.8901135415388384E16
37.6                      9.8902225446350176E16
37.7                      9.8903153328644944E16
37.800000000000004        9.8903919062272704E16
37.9                      9.890558982333432E16
38                        9.8908313504654768E16
38.1                      9.8910968616660736E16
38.2                      9.8913555159352192E16
38.300000000000004        9.8916073132729168E16
38.400000000000006        9.8918522536791632E16
38.5                      9.89209033715396E16
38.6                      9.8923215636973072E16
38.7                      9.892545933309208E16
38.800000000000004        9.8927634459896528E16
38.900000000000006        9.8929741017386512E16
39                        9.8931779005562E16
39.1                      9.8933748424422992E16
39.2                      9.8935649273969504E16
39.300000000000004        9.8937481554201488E16
39.400000000000006        9.8939245265119008E16
39.5                      9.8940940406722E16
39.6                      9.8942566979010528E16
39.7                      9.8944124981984544E16
39.800000000000004        9.8945614415644064E16
39.900000000000006        9.8947035279989056E16
40                        9.89483875750196E16
40.1                      9.8949671300735616E16
40.2                      9.8950886457137152E16
40.300000000000004        9.8952033044224192E16
40.400000000000006        9.895311106199672E16
40.5                      9.8954120510454768E16
40.6                      9.8955061389598304E16
40.7                      9.8955933699427344E16
40.800000000000004        9.8956737439941904E16
40.900000000000006        9.8957472611141952E16
41                        9.8958139213027536E16
41.1                      9.8958737245598592E16
41.2                      9.8959266708855136E16
41.300000000000004        9.8959727602797216E16
41.400000000000006        9.8960119927424768E16
41.5                      9.896044368273784E16
41.6                      9.8960698868736432E16
41.7                      9.8960885485420512E16
41.800000000000004        9.8961003532790064E16
41.900000000000006        9.8961053010845152E16
42                        9.8961033919585728E16
42.1                      9.896094625901184E16
42.2                      9.896079002912344E16
42.300000000000004        9.8960565229920544E16
42.400000000000006        9.8960271861403136E16
42.5                      9.8959909923571232E16
42.6                      9.8960368529198704E16
42.7                      9.8961242990581136E16
42.800000000000004        9.8962104771662656E16
42.900000000000006        9.8962953872443248E16
43                        9.8963790292922928E16
43.1                      9.8964614033101632E16
43.2                      9.8965425092979472E16
43.300000000000004        9.8966223472556336E16
43.400000000000006        9.8967009171832288E16
43.5                      9.8967782190807312E16
43.6                      9.8968542529481456E16
43.7                      9.896929018785464E16
43.800000000000004        9.897002516592688E16
43.900000000000006        9.897074746369824E16
44                        9.8971457081168656E16
44.1                      9.8972154018338128E16
44.2                      9.8972838275206688E16
44.300000000000004        9.897350985177432E16
44.400000000000006        9.8974168748041024E16
44.5                      9.8974814964006816E16
44.6                      9.8975448499671664E16
44.7                      9.89760693550356E16
44.800000000000004        9.8976677530098608E16
44.900000000000006        9.8977273024860672E16
45                        9.8977855839321856E16
45.1                      9.897842597348208E16
45.2                      9.8978983427341392E16
45.300000000000004        9.8979528200899776E16
45.400000000000006        9.8980060294157216E16
45.5                      9.898057970711376E16
45.6                      9.8981086439769344E16
45.7                      9.8981580492124032E16
45.800000000000004        9.8982061864177808E16
45.900000000000006        9.8982530555930608E16
46                        9.8982986567382512E16
46.1                      9.8983429898533488E16
46.2                      9.898386054938352E16
46.300000000000004        9.8984278519932672E16
46.400000000000006        9.8984683810180864E16
46.5                      9.898507642012816E16
46.6                      9.8985456349774496E16
46.7                      9.8985823599119904E16
46.800000000000004        9.8986178168164416E16
46.900000000000006        9.8986520056907984E16
47                        9.898684926535064E16
47.1                      9.8987165793492384E16
47.2                      9.8987469641333168E16
47.300000000000004        9.8987760808873056E16
47.400000000000006        9.8988039296112016E16
47.5                      9.8988305103050032E16
47.6                      9.898855822968712E16
47.7                      9.8988798676023296E16
47.800000000000004        9.8989026442058544E16
47.900000000000006        9.8989241527792864E16
48                        9.8989443933226272E16
48.1                      9.8989633658358736E16
48.2                      9.8989810703190272E16
48.300000000000004        9.8989975067720896E16
48.400000000000006        9.8990126751950592E16
48.5                      9.8990265755879344E16
48.6                      9.8990392079507216E16
48.7                      9.8990505722834096E16
48.800000000000004        9.8990606685860096E16
48.900000000000006        9.8990694968585168E16
49                        9.8990770571009312E16
49.1                      9.8990833493132544E16
49.2                      9.89908837349548E16
49.300000000000004        9.8990921296476208E16
49.400000000000006        9.899094617769664E16
49.5                      9.899095837861616E16
49.6                      9.8990957899234736E16
49.7                      9.89909447395524E16
49.800000000000004        9.8990918899569152E16
49.900000000000006        9.899088037928496E16
50                        9.899082917869984E16
50.1                      9.8990765297813824E16
50.2                      9.8990688736626848E16
50.300000000000004        9.8990599495138992E16
50.400000000000006        9.899049757335016E16
50.5                      9.8990382971260432E16
50.6                      9.899025568886976E16
50.7                      9.8990115726178192E16
50.800000000000004        9.8989963083185664E16
50.900000000000006        9.8989797759892208E16
51                        9.8989619756297872E16
51.1                      9.898942907240256E16
51.2                      9.8989225708206352E16
51.300000000000004        9.8989009663709232E16
51.400000000000006        9.8988780938911168E16
51.5                      9.8988539533812144E16
51.6                      9.8988285448412224E16
51.7                      9.8988018682711376E16
51.800000000000004        9.89877392367096E16
51.900000000000006        9.8987447749804848E16
52                        9.8987163551539824E16
52.1                      9.89868793532748E16
52.2                      9.8986595155009744E16
52.300000000000004        9.8986310956744704E16
52.400000000000006        9.8986026758479648E16
52.5                      9.8985742560214624E16
52.6                      9.8985458361949584E16
52.7                      9.8985174163684544E16
52.800000000000004        9.8984889965419504E16
52.900000000000006        9.8984605767154448E16
53                        9.8984321568889408E16
53.1                      9.89840373706244E16
53.2                      9.8983753172359344E16
53.300000000000004        9.898346897409432E16
53.400000000000006        9.8983184775829264E16
53.5                      9.898290057756424E16
53.6                      9.89826163792992E16
53.7                      9.8982332181034144E16
53.800000000000004        9.8982047982769104E16
53.900000000000006        9.898176378450408E16
54                        9.8981479586239024E16
54.1                      9.8981195387974016E16
54.2                      9.898091118970896E16
54.300000000000004        9.8980626991443936E16
54.400000000000006        9.8980342793178896E16
54.5                      9.898005859491384E16
54.6                      9.89797743966488E16
54.7                      9.897949019838376E16
54.800000000000004        9.897920600011872E16
54.900000000000006        9.8978921801853696E16
55                        9.897863760358864E16
55.1                      9.89783534053236E16
55.2                      9.897806920705856E16
55.300000000000004        9.8977785008793536E16
55.400000000000006        9.8977500810528496E16
55.5                      9.8977216612263456E16
55.6                      9.8976932413998416E16
55.7                      9.8976648215733392E16
55.800000000000004        9.8976364017468336E16
55.900000000000006        9.8976079819203296E16
56                        9.897579562093824E16
56.1                      9.8975511422673216E16
56.2                      9.8975227224408176E16
56.300000000000004        9.8974943026143152E16
56.400000000000006        9.8974658827878112E16
56.5                      9.8974374629613072E16
56.6                      9.8974090431348032E16
56.7                      9.8973806233082992E16
56.800000000000004        9.8973522034817936E16
56.900000000000006        9.8973237836552912E16
57                        9.8972953638287856E16
57.1                      9.8972669440022832E16
57.2                      9.8972385241757792E16
57.300000000000004        9.8972101043492768E16
57.400000000000006        9.8971816845227728E16
57.5                      9.8971532646962688E16
57.6                      9.8971248448697632E16
57.7                      9.8970964250432608E16
57.800000000000004        9.8970680052167552E16
57.900000000000006        9.8970395853902528E16
58                        9.8970111655637488E16
58.1                      9.8969827457372432E16
58.2                      9.8969543259107392E16
58.300000000000004        9.8969259060842352E16
58.400000000000006        9.8968974862577328E16
58.5                      9.8968690664312304E16
58.6                      9.8968406466047248E16
58.7                      9.8968122267782224E16
58.800000000000004        9.8967838069517152E16
58.900000000000006        9.8967553871252128E16
59                        9.8967269672987088E16
59.1                      9.8966985474722048E16
59.2                      9.8966701276457008E16
59.300000000000004        9.8966417078191984E16
59.400000000000006        9.8966132879926928E16
59.5                      9.896584868166192E16
59.6                      9.8965564483396848E16
59.7                      9.8965280285131824E16
59.800000000000004        9.8964996086866784E16
59.900000000000006        9.8964711888601744E16
60                        9.8964427690336704E16
60.1                      9.8964143492071664E16
60.2                      9.8963859293806624E16
60.300000000000004        9.8963575095541584E16
60.400000000000006        9.8963290897276528E16
60.5                      9.896300669901152E16
60.6                      9.8962722500746464E16
60.7                      9.896243830248144E16
60.800000000000004        9.89621541042164E16
60.900000000000006        9.896186990595136E16
61                        9.896158570768632E16
61.1                      9.8961301509421264E16
61.2                      9.8961017311156224E16
61.300000000000004        9.89607331128912E16
61.400000000000006        9.8960448914626144E16
61.5                      9.896016471636112E16
61.6                      9.8959880518096096E16
61.7                      9.8959596319831056E16
61.800000000000004        9.8959312121566016E16
61.900000000000006        9.8959035264225504E16
62                        9.8958911549297408E16
62.1                      9.895878783436928E16
62.2                      9.8958664119441152E16
62.300000000000004        9.895854040451304E16
62.400000000000006        9.8958416689584928E16
62.5                      9.8958292974656784E16
62.6                      9.8958169259728672E16
62.7                      9.895804554480056E16
62.800000000000004        9.8957921829872448E16
62.900000000000006        9.8957798114944304E16
63                        9.8957674400016192E16
63.1                      9.895755068508808E16
63.2                      9.8957426970159968E16
63.300000000000004        9.895730325523184E16
63.400000000000006        9.8957179540303744E16
63.5                      9.8957055825375616E16
63.6                      9.8956932110447472E16
63.7                      9.8956808395519376E16
63.800000000000004        9.8956684680591248E16
63.900000000000006        9.895656096566312E16
64                        9.8956437250734992E16
64.10000000000001         9.8956313535806896E16
64.2                      9.8956189820878768E16
64.3                      9.895606610595064E16
64.4                      9.8955942391022544E16
64.5                      9.8955818676094432E16
64.60000000000001         9.8955694961166288E16
64.7                      9.8955571246238176E16
64.8                      9.8955447531310064E16
64.9                      9.8955323816381952E16
65                        9.8955200101453808E16
65.10000000000001         9.8955076386525712E16
65.2                      9.8954952671597584E16
65.3                      9.8954828956669456E16
65.4                      9.8954705241741328E16
65.5                      9.8954581526813216E16
65.60000000000001         9.895445781188512E16
65.7                      9.8954334096956976E16
65.8                      9.895421038202888E16
65.9                      9.8954086667100752E16
66                        9.895396295217264E16
66.10000000000001         9.8953839237244496E16
66.2                      9.89537155223164E16
66.3                      9.8953591807388272E16
66.4                      9.8953468092460144E16
66.5                      9.8953344377532016E16
66.60000000000001         9.895322066260392E16
66.7                      9.8953096947675792E16
66.8                      9.8952973232747664E16
66.9                      9.8952849517819568E16
67                        9.895272580289144E16
67.10000000000001         9.8952602087963312E16
67.2                      9.89524783730352E16
67.3                      9.8952354658107088E16
67.4                      9.895223094317896E16
67.5                      9.8952107228250832E16
67.60000000000001         9.895198351332272E16
67.7                      9.8951859798394608E16
67.8                      9.8951736083466464E16
67.9                      9.8951612368538352E16
68                        9.8951488653610256E16
68.10000000000001         9.8951364938682144E16
68.2                      9.8951241223754E16
68.3                      9.8951117508825888E16
68.4                      9.8950993793897776E16
68.5                      9.8950870078969632E16
68.60000000000001         9.8950746364041536E16
68.7                      9.8950622649113408E16
68.8                      9.8950498934185296E16
68.9                      9.8950375219257152E16
69                        9.8950251504329056E16
69.10000000000001         9.8950127789400928E16
69.2                      9.8950004074472816E16
69.3                      9.8949880359544704E16
69.4                      9.8949756644616592E16
69.5                      9.8949632929688464E16
69.60000000000001         9.8949509214760336E16
69.7                      9.8949385499832224E16
69.8                      9.8949261784904112E16
69.9                      9.8949138069975968E16
70                        9.894901435504784E16
70.10000000000001         9.8948890640119744E16
70.2                      9.8948766925191616E16
70.3                      9.8948643210263488E16
70.4                      9.8948519495335392E16
70.5                      9.894839578040728E16
70.60000000000001         9.8948272065479136E16
70.7                      9.894814835055104E16
70.8                      9.8948024635622912E16
70.9                      9.89479009206948E16
71                        9.8947777205766656E16
71.10000000000001         9.894765349083856E16
71.2                      9.8947529775910432E16
71.3                      9.894740606098232E16
71.4                      9.8947282346054176E16
71.5                      9.894715863112608E16
71.60000000000001         9.8947034916197968E16
71.7                      9.8946911201269824E16
71.8                      9.8946787486341728E16
71.9                      9.89466678060552E16
72                        9.8946632294287632E16
72.10000000000001         9.8946596782520112E16
72.2                      9.8946561270752576E16
72.3                      9.8946525758985008E16
72.4                      9.8946490247217472E16
72.5                      9.894645473544992E16
72.60000000000001         9.8946419223682384E16
72.7                      9.8946383711914848E16
72.8                      9.8946348200147312E16
72.9                      9.8946312688379728E16
73                        9.8946277176612192E16
73.10000000000001         9.8946241664844672E16
73.2                      9.894620615307712E16
73.3                      9.8946170641309584E16
73.4                      9.8946135129542016E16
73.5                      9.894609961777448E16
73.60000000000001         9.8946064106006944E16
73.7                      9.8946028594239408E16
73.8                      9.8945993082471856E16
73.9                      9.8945957570704288E16
74                        9.8945922058936752E16
74.10000000000001         9.8945886547169232E16
74.2                      9.894585103540168E16
74.3                      9.8945815523634128E16
74.4                      9.8945780011866592E16
74.5                      9.8945744500099024E16
74.60000000000001         9.8945708988331504E16
74.7                      9.8945673476563952E16
74.8                      9.89456379647964E16
74.9                      9.8945602453028864E16
75                        9.8945566941261328E16
75.10000000000001         9.8945531429493776E16
75.2                      9.8945495917726224E16
75.3                      9.8945460405958688E16
75.4                      9.8945424894191136E16
75.5                      9.89453893824236E16
75.60000000000001         9.8945353870656048E16
75.7                      9.8945318358888496E16
75.8                      9.894528284712096E16
75.9                      9.8945247335353424E16
76                        9.8945211823585872E16
76.10000000000001         9.894517631181832E16
76.2                      9.8945140800050784E16
76.3                      9.8945105288283232E16
76.4                      9.8945069776515696E16
76.5                      9.894503426474816E16
76.60000000000001         9.8944998752980592E16
76.7                      9.8944963241213056E16
76.80000000000001         9.894492772944552E16
76.9                      9.8944892217677968E16
77                        9.89448567059104E16
77.10000000000001         9.894482119414288E16
77.2                      9.8944785682375328E16
77.30000000000001         9.8944750170607792E16
77.4                      9.8944714658840256E16
77.5                      9.8944679147072672E16
77.60000000000001         9.8944643635305152E16
77.7                      9.8944608123537616E16
77.80000000000001         9.8944572611770064E16
77.9                      9.8944537100002512E16
78                        9.8944501588234976E16
78.10000000000001         9.8944466076467456E16
78.2                      9.8944430564699888E16
78.30000000000001         9.8944395052932352E16
78.4                      9.89443595411648E16
78.5                      9.8944324029397248E16
78.60000000000001         9.8944288517629728E16
78.7                      9.8944253005862192E16
78.80000000000001         9.8944217494094608E16
78.9                      9.8944181982327072E16
79                        9.8944146470559536E16
79.10000000000001         9.8944110958792E16
79.2                      9.8944075447024464E16
79.30000000000001         9.8944039935256896E16
79.4                      9.8944004423489344E16
79.5                      9.8943968911721808E16
79.60000000000001         9.8943933399954288E16
79.7                      9.8943897888186736E16
79.80000000000001         9.8943862376419168E16
79.9                      9.8943826864651632E16
80                        9.894379135288408E16
80.10000000000001         9.894375584111656E16
80.2                      9.8943720329349008E16
80.30000000000001         9.894368481758144E16
80.4                      9.8943649305813904E16
80.5                      9.8943613794046368E16
80.60000000000001         9.8943578282278832E16
80.7                      9.894354277051128E16
80.80000000000001         9.8943507258743744E16
80.9                      9.8943471746976176E16
81                        9.894343623520864E16
81.10000000000001         9.8943400723441104E16
81.2                      9.8943365211673552E16
81.30000000000001         9.8943329699906016E16
81.4                      9.894329418813848E16
81.5                      9.8943258676370912E16
81.60000000000001         9.8943223164603376E16
81.7                      9.894318765283584E16
81.80000000000001         9.8943152141068288E16
81.9                      9.8943117980162848E16
82                        9.8943112000215136E16
82.10000000000001         9.8943106020267424E16
82.2                      9.8943100040319712E16
82.30000000000001         9.8943094060371984E16
82.4                      9.8943088080424288E16
82.5                      9.8943082100476576E16
82.60000000000001         9.8943076120528864E16
82.7                      9.894307014058112E16
82.80000000000001         9.8943064160633424E16
82.9                      9.8943058180685696E16
83                        9.8943052200737968E16
83.10000000000001         9.8943046220790272E16
83.2                      9.8943040240842544E16
83.30000000000001         9.8943034260894832E16
83.4                      9.8943028280947088E16
83.5                      9.8943022300999408E16
83.60000000000001         9.8943016321051696E16
83.7                      9.8943010341103984E16
83.80000000000001         9.8943004361156256E16
83.9                      9.8942998381208528E16
84                        9.8942992401260832E16
84.10000000000001         9.8942986421313104E16
84.2                      9.8942980441365376E16
84.30000000000001         9.894297446141768E16
84.4                      9.8942968481469952E16
84.5                      9.894296250152224E16
84.60000000000001         9.8942956521574544E16
84.7                      9.8942950541626816E16
84.80000000000001         9.8942944561679088E16
84.9                      9.894293858173136E16
85                        9.8942932601783664E16
85.10000000000001         9.8942926621835952E16
85.2                      9.8942920641888208E16
85.30000000000001         9.8942914661940512E16
85.4                      9.8942908681992784E16
85.5                      9.8942902702045072E16
85.60000000000001         9.8942896722097376E16
85.7                      9.8942890742149648E16
85.80000000000001         9.8942884762201952E16
85.9                      9.8942878782254208E16
86                        9.8942872802306496E16
86.10000000000001         9.8942866822358784E16
86.2                      9.8942860842411072E16
86.30000000000001         9.8942854862463344E16
86.4                      9.8942848882515616E16
86.5                      9.894284290256792E16
86.60000000000001         9.8942836922620208E16
86.7                      9.894283094267248E16
86.80000000000001         9.8942824962724784E16
86.9                      9.8942818982777056E16
87                        9.8942813002829328E16
87.10000000000001         9.8942807022881632E16
87.2                      9.8942801042933904E16
87.30000000000001         9.8942795062986192E16
87.4                      9.8942789083038448E16
87.5                      9.8942783103090752E16
87.60000000000001         9.894277712314304E16
87.7                      9.8942771143195312E16
87.80000000000001         9.8942765163247616E16
87.9                      9.8942759183299888E16
88                        9.8942753203352192E16
88.10000000000001         9.8942747223404464E16
88.2                      9.8942741243456736E16
88.30000000000001         9.8942735263509024E16
88.4                      9.8942729283561312E16
88.5                      9.8942723303613584E16
88.60000000000001         9.8942717323665872E16
88.7                      9.8942711343718176E16
88.80000000000001         9.8942705363770448E16
88.9                      9.894269938382272E16
89                        9.8942693403875024E16
89.10000000000001         9.8942687423927312E16
89.2                      9.8942681443979568E16
89.30000000000001         9.8942675464031872E16
89.4                      9.8942669484084144E16
89.5                      9.8942663504136432E16
89.60000000000001         9.8942657524188704E16
89.7                      9.8942651544240992E16
89.80000000000001         9.8942645564293296E16
89.9                      9.8942639584345568E16
90                        9.8942633604397856E16
90.10000000000001         9.8942627624450144E16
90.2                      9.8942621644502432E16
90.30000000000001         9.8942615664554704E16
90.4                      9.8942609684606976E16
90.5                      9.894260370465928E16
90.60000000000001         9.8942597724711552E16
90.7                      9.8942591744763824E16
90.80000000000001         9.8942585764816144E16
90.9                      9.8942579784868416E16
91                        9.8942573804920688E16
91.10000000000001         9.8942567824972976E16
91.2                      9.8942561845025264E16
91.30000000000001         9.8942555865077552E16
91.4                      9.8942549885129808E16
91.5                      9.8942543905182112E16
91.60000000000001         9.89425379252344E16
91.7                      9.8942531945286656E16
91.80000000000001         9.8942525965338976E16
91.9                      9.8942520280010576E16
92                        9.894252074087232E16
92.10000000000001         9.8942521201734064E16
92.2                      9.8942521662595824E16
92.30000000000001         9.8942522123457552E16
92.4                      9.8942522584319296E16
92.5                      9.8942523045181024E16
92.60000000000001         9.8942523506042768E16
92.7                      9.8942523966904496E16
92.80000000000001         9.894252442776624E16
92.9                      9.8942524888627984E16
93                        9.8942525349489728E16
93.10000000000001         9.8942525810351456E16
93.2                      9.89425262712132E16
93.30000000000001         9.8942526732074944E16
93.4                      9.8942527192936704E16
93.5                      9.8942527653798432E16
93.60000000000001         9.8942528114660176E16
93.7                      9.8942528575521904E16
93.80000000000001         9.8942529036383664E16
93.9                      9.8942529497245392E16
94                        9.8942529958107104E16
94.10000000000001         9.8942530418968864E16
94.2                      9.8942530879830592E16
94.30000000000001         9.8942531340692368E16
94.4                      9.8942531801554064E16
94.5                      9.894253226241584E16
94.60000000000001         9.8942532723277568E16
94.7                      9.8942533184139312E16
94.80000000000001         9.894253364500104E16
94.9                      9.8942534105862784E16
95                        9.8942534566724528E16
95.10000000000001         9.8942535027586288E16
95.2                      9.8942535488448E16
95.30000000000001         9.894253594930976E16
95.4                      9.8942536410171488E16
95.5                      9.8942536871033232E16
95.60000000000001         9.894253733189496E16
95.7                      9.8942537792756704E16
95.80000000000001         9.8942538253618448E16
95.9                      9.8942538714480192E16
96                        9.894253917534192E16
96.10000000000001         9.8942539636203664E16
96.2                      9.8942540097065408E16
96.30000000000001         9.8942540557927152E16
96.4                      9.8942541018788896E16
96.5                      9.8942541479650624E16
96.60000000000001         9.8942541940512384E16
96.7                      9.8942542401374112E16
96.80000000000001         9.8942542862235856E16
96.9                      9.8942543323097584E16
97                        9.8942543783959312E16
97.10000000000001         9.8942544244821072E16
97.2                      9.8942544705682784E16
97.30000000000001         9.8942545166544544E16
97.4                      9.8942545627406288E16
97.5                      9.8942546088268048E16
97.60000000000001         9.894254654912976E16
97.7                      9.8942547009991504E16
97.80000000000001         9.8942547470853248E16
97.9                      9.8942547931714992E16
98                        9.894254839257672E16
98.10000000000001         9.8942548853438464E16
98.2                      9.8942549314300208E16
98.30000000000001         9.8942549775161968E16
98.4                      9.8942550236023664E16
98.5                      9.8942550696885408E16
98.60000000000001         9.8942551157747168E16
98.7                      9.8942551618608912E16
98.80000000000001         9.894255207947064E16
98.9                      9.8942552540332384E16
99                        9.8942553001194128E16
99.10000000000001         9.8942553462055856E16
99.2                      9.89425539229176E16
99.30000000000001         9.8942554383779328E16
99.4                      9.8942554844641104E16
99.5                      9.8942555305502832E16
99.60000000000001         9.8942555766364592E16
99.7                      9.8942556227226304E16
99.80000000000001         9.8942556688088048E16
99.9                      9.8942557148949792E16
100                       9.894255760981152E16
