4300                      1.860256172080426E16
4301                      4.2354546906619472E16
4302                      9.3368014207938512E16
4303                      1.96346130230851776E17
4304                      3.9216155002526016E17
4305                      7.3667221940852762E17
4306                      1.28465136419699942E18
4307                      2.05991137569956096E18
4308                      3.0298112191815977E18
4309                      4.1164966585065416E18
4310                      5.2385226564424018E18
4311                      6.3330918479652403E18
4312                      7.351952495527938E18
4313                      8.250566846450135E18
4314                      8.9852379692978637E18
4315                      9.516094908836305E18
4316                      9.815259400664664E18
4317                      9.87690053100053E18
4318                      9.724484064002574E18
4319                      9.40983678175584E18
4320                      9.0005312457605724E18
4321                      8.5590489474977638E18
4322                      8.1252860343129764E18
4323                      7.7129926408670003E18
4324                      7.319067174957952E18
4325                      6.9367142833196165E18
4326                      6.5658859994275953E18
4327                      6.2193810071246582E18
4328                      5.9246164122642924E18
4329                      5.7199388895004375E18
4330                      5.6431897827782093E18
4331                      5.7125647403393802E18
4332                      5.9114720982705838E18
4333                      6.1841656755058094E18
4334                      6.4547004361259489E18
4335                      6.6633072481040916E18
4336                      6.7939006369288223E18
4337                      6.8579977071292682E18
4338                      6.846042689459071E18
4339                      6.7149237548156918E18
4340                      6.4158943162777262E18
4341                      5.9113826272002376E18
4342                      5.1844043276981791E18
4343                      4.2556377040533878E18
4344                      3.2049861395541171E18
4345                      2.1792963336536384E18
4346                      1.35383903910477747E18
4347                      8.3191790033711206E17
4348                      5.7050067055160102E17
4349                      4.458374717630919E17
4350                      3.7173405398557696E17
4351                      3.1799823466212614E17
4352                      2.75950158941985312E17
4353                      2.41798348432070272E17
4354                      2.13385672791098432E17
4355                      1.89344414544084352E17
4356                      1.6875094246085488E17
4357                      1.50953519414966784E17
4358                      1.35493160561442176E17
4359                      1.2208612256693096E17
4360                      1.10598347917960192E17
4361                      1.0111204136032496E17
4362                      9.3665545549774768E16
4363                      8.8241776006659328E16
4364                      8.4730381775169088E16
4365                      8.269470661983112E16
4366                      8.1591615900384544E16
4367                      8.0768885798670032E16
4368                      7.9723176292638656E16
4369                      7.803547780324064E16
4370                      7.5494415734145056E16
4371                      7.2023573892525304E16
4372                      6.7669731754131008E16
4373                      6.2560663375145816E16
4374                      5.6874550781147576E16
4375                      5.081290326006984E16
4376                      4.4595485729514176E16
4377                      3.842096483312992E16
4378                      3.2485747035867492E16
4379                      2.6937713507098916E16
4380                      2.1900110359145472E16
4381                      1.744710672547025E16
4382                      1.3615180427968116E16
4383                      1.040370469756593E16
4384                      7.781212259986645E15
4385                      5.693978018791015E15
4386                      4.0788145992288055E15
4387                      2.858607510671708E15
4388                      1.9609840393212998E15
4389                      1.316911087581062E15
4390                      8.651627442656256E14
4391                      5.5621263387733875E14
4392                      3.497481217169547E14
4393                      2.153560279393485E14
4394                      1.2969561071561538E14
4395                      7.639113800721161E13
4396                      4.407314400006034E13
4397                      2.4874096403474594E13
4398                      1.3747483548695402E13
4399                      7.438547130985459E12
4400                      3.9393621039329277E12
