9000                      3.0063778898322705E15
9001                      6.715360684181037E15
9002                      1.4970316800431814E16
9003                      3.2217896262414948E16
9004                      6.7212376815141464E16
9005                      1.3606200628239728E17
9006                      2.6390051927912848E17
9007                      4.8299479962407987E17
9008                      8.3571094751680742E17
9009                      1.38073274893724902E18
9010                      2.17411193116804531E18
9011                      3.2307750727831066E18
9012                      4.4882074892697487E18
9013                      5.81179913061649E18
9014                      7.0426582930860554E18
9015                      8.0481441360235889E18
9016                      8.7505922145199647E18
9017                      9.1296797519915121E18
9018                      9.2144547692204513E18
9019                      9.06983413070622E18
9020                      8.777943868237312E18
9021                      8.4148496528164536E18
9022                      8.0320061061270149E18
9023                      7.6523612531499561E18
9024                      7.2793747888818698E18
9025                      6.9106154879530793E18
9026                      6.548752241184768E18
9027                      6.2082846032182487E18
9028                      5.91770020457058E18
9029                      5.7160747355708518E18
9030                      5.6417325582418944E18
9031                      5.7137316997317919E18
9032                      5.9145058169351455E18
9033                      6.1874063794435645E18
9034                      6.456042898826327E18
9035                      6.661098685678079E18
9036                      6.7887171275367956E18
9037                      6.8524280087408599E18
9038                      6.841826923145218E18
9039                      6.7120401122806467E18
9040                      6.4138762663341496E18
9041                      5.9115120648576543E18
9042                      5.1866894904239534E18
9043                      4.2592028637982152E18
9044                      3.2083543811369641E18
9045                      2.18011303325278464E18
9046                      1.34982228452570445E18
9047                      8.243700920109097E17
9048                      5.6429642722908621E17
9049                      4.4328964839655731E17
9050                      3.7100235442948243E17
9051                      3.1768321270391974E17
9052                      2.7575168291717712E17
9053                      2.41662968083407872E17
9054                      2.13286543555320192E17
9055                      1.89268813512524512E17
9056                      1.68691917876120992E17
9057                      1.5090734606781808E17
9058                      1.35458045259921488E17
9059                      1.2206175843041944E17
9060                      1.10608298623591648E17
9061                      1.01134067470970464E17
9062                      9.3652886004300784E16
9063                      8.8242399808914064E16
9064                      8.4725602654615824E16
9065                      8.27086204041828E16
9066                      8.1583648386527568E16
9067                      8.0776163456422464E16
9068                      7.971900982347872E16
9069                      7.8034201455929952E16
9070                      7.54900139957956E16
9071                      7.2018546822735584E16
9072                      6.7661766974620096E16
9073                      6.2555721108065848E16
9074                      5.686655548866268E16
9075                      5.0809306719164064E16
9076                      4.4589261607372568E16
9077                      3.8418355106933E16
9078                      3.2481819665867004E16
9079                      2.6935098838626056E16
9080                      2.1898314914347292E16
9081                      1.744637488067079E16
9082                      1.3614999273652728E16
9083                      1.040450357562169E16
9084                      7.782094271189964E15
9085                      5.695495698323765E15
9086                      4.0779320730474015E15
9087                      2.854673369625755E15
9088                      1.956453957458125E15
9089                      1.3119110712470705E15
9090                      8.606088687673119E14
9091                      5.52202973346967E14
9092                      3.4665811168700306E14
9093                      2.1296988263717494E14
9094                      1.280999320668977E14
9095                      7.529992187062483E13
9096                      4.338480925469415E13
9097                      2.4423424265654258E13
9098                      1.3457477801329979E13
9099                      7.266404688937575E12
9100                      3.843539225208565E12
