300                       4.979829852217116E15
308                       6.868508505699797E15
316                       1.5309982399873032E16
324                       3.2934190481160612E16
332                       6.866099094650552E16
340                       1.38784650287993056E17
348                       2.68970951029520416E17
356                       4.9218201983029024E17
364                       8.521825638990944E17
372                       1.40950929353877478E18
380                       2.22218682243673114E18
388                       3.3067754891870828E18
396                       4.6011763801094712E18
404                       5.9707996273933926E18
412                       7.2549628784888474E18
420                       8.3183705313332347E18
428                       9.0788634083062692E18
436                       9.510646042207756E18
444                       9.636474385075149E18
452                       9.516470411130196E18
460                       9.231500980997622E18
468                       8.8609251532774973E18
476                       8.4625442584944835E18
484                       8.0652501525974108E18
492                       7.675935046734079E18
500                       7.2927647874768937E18
508                       6.9171140414296904E18
516                       6.5612617889698202E18
524                       6.2514903556105544E18
532                       6.0255892435448801E18
540                       5.9225313008399288E18
548                       5.9642435366422968E18
556                       6.1371463494624287E18
564                       6.387388623754879E18
572                       6.6392431340689674E18
580                       6.8323588311418092E18
588                       6.9511905428224307E18
596                       7.0076349327911639E18
604                       6.9904961018383247E18
612                       6.8548989103067884E18
620                       6.5513439167345797E18
628                       6.0421820241764874E18
636                       5.310018306550954E18
644                       4.3746565350191908E18
652                       3.314799834965634E18
660                       2.27612742008605466E18
668                       1.43414627013128294E18
676                       8.953209403295849E17
684                       6.2069578682414912E17
692                       4.8707207707180538E17
700                       4.0660139942513498E17
708                       3.4795842718351526E17
716                       3.0199783354040186E17
724                       2.64655630533321664E17
732                       2.33576282891587808E17
740                       2.07274128997170784E17
748                       1.84740932747919904E17
756                       1.65263877957187104E17
764                       1.48344465579805664E17
772                       1.3367093590575152E17
780                       1.2112401525420648E17
788                       1.10700717746233968E17
796                       1.0257127444387048E17
804                       9.6723802906321552E16
812                       9.2928921047396704E16
820                       9.0731149260008048E16
828                       8.9506334392633968E16
836                       8.8535854747207728E16
844                       8.728492327325888E16
852                       8.5415678394331216E16
860                       8.264628693881088E16
868                       7.8878378250277824E16
876                       7.414429175553792E16
884                       6.8573161559531888E16
892                       6.2357101301288848E16
900                       5.5721282902380136E16
908                       4.8901689577914168E16
916                       4.2137089168916616E16
924                       3.5622908850566196E16
932                       2.9531338545870736E16
940                       2.399379063505666E16
948                       1.9096938888590504E16
956                       1.4882884032463492E16
964                       1.1357791490419374E16
972                       8.4868810148439E15
980                       6.210173018252752E15
988                       4.44680432776097E15
996                       3.1172044440569605E15
1004                      2.1389543977657432E15
1012                      1.4357306777656978E15
1020                      9.432683559432501E14
1028                      6.064731182628924E14
1036                      3.81360889330039E14
1044                      2.3459872489913134E14
1052                      1.412772313290951E14
1060                      8.325523110915145E13
1068                      4.798757410488376E13
1076                      2.7087816664884004E13
1084                      1.4957881528522352E13
1092                      8.090707928398132E12
1100                      4.288179018245027E12
