300                       8.67030529989879E15
300.5                     9.145587272437454E15
301                       9.649151187610718E15
301.5                     1.0178661875437252E16
302                       1.0735494642735956E16
302.5                     1.1320349682621172E16
303                       1.1935540647658156E16
303.5                     1.2581370213667746E16
304                       1.3260282674093894E16
304.5                     1.3973063472291518E16
305                       1.472180967376209E16
305.5                     1.550793026494756E16
306                       1.6333156124299542E16
306.5                     1.719955972303065E16
307                       1.8108490004909212E16
307.5                     1.9062717496787088E16
308                       2.0063201139704916E16
308.5                     2.1113436962096448E16
309                       2.2213995466964976E16
309.5                     2.3369116486073396E16
310                       2.457909525389006E16
310.5                     2.5848623025301796E16
311                       2.7178288200295384E16
311.5                     2.8572402313717512E16
312                       3.0032618290648388E16
312.5                     3.1562595866207064E16
313                       3.3165118697514864E16
313.5                     3.4843164977381808E16
314                       3.6600706345408128E16
314.5                     3.8440021827014664E16
315                       4.0366316480042776E16
315.5                     4.238116770816764E16
316                       4.4491044314310472E16
316.5                     4.669683826352492E16
317                       4.9006293558882808E16
317.5                     5.1419948469033088E16
318                       5.3945931448336256E16
318.5                     5.6585668521232632E16
319                       5.9346449618961376E16
319.5                     6.223156709735548E16
320                       6.5247129871442144E16
320.5                     6.8398378901323448E16
321                       7.1690213450501712E16
321.5                     7.5129882038705264E16
322                       7.8721071986396416E16
322.5                     8.2473068762808224E16
323                       8.6388377666486896E16
323.5                     9.0478314037858416E16
324                       9.4744269542866976E16
324.5                     9.9199538504307024E16
325                       1.03845176397398064E17
325.5                     1.08694361686720048E17
326                       1.1375022600778232E17
326.5                     1.19024240526122192E17
327                       1.2452253947046064E17
327.5                     1.30254587611914256E17
328                       1.36229528129052048E17
328.5                     1.42454862928539584E17
329                       1.48942682326366464E17
329.5                     1.55698632645989472E17
330                       1.62737611897917632E17
330.5                     1.70063588626797792E17
331                       1.77694044857158592E17
331.5                     1.8563152306981872E17
332                       1.93895779369096448E17
332.5                     2.0248936702364464E17
333                       2.11430585985374208E17
333.5                     2.207256898548392E17
334                       2.30390059877891552E17
334.5                     2.40433772901951776E17
335                       2.50869426415295104E17
335.5                     2.61710546355344288E17
336                       2.72967307641873344E17
336.5                     2.84656214490318464E17
337                       2.9678546155234854E17
337.5                     3.0937398931174739E17
338                       3.2242850973807859E17
338.5                     3.3596982034415648E17
339                       3.5000379002160186E17
339.5                     3.6455213763311277E17
340                       3.7962163223016832E17
340.5                     3.9523162271028006E17
341                       4.1139259775567264E17
341.5                     4.2812101607544557E17
342                       4.4543039922851386E17
342.5                     4.6333495949354515E17
343                       4.8185058686983904E17
343.5                     5.0098985786281293E17
344                       5.2077040432527558E17
344.5                     5.4120373049156064E17
345                       5.6230861369754944E17
345.5                     5.8409600827099648E17
346                       6.0658524329245901E17
346.5                     6.2978738855623974E17
347                       6.5372120668159706E17
347.5                     6.7839902929439462E17
348                       7.0383774517171699E17
348.5                     7.3005155484079219E17
349                       7.5705565845045158E17
349.5                     7.8486515247389542E17
350                       8.1349430858381235E17
350.5                     8.4295798785351104E17
351                       8.7327040695542285E17
351.5                     9.0444490617105677E17
352                       9.3649661705202982E17
352.5                     9.6943597210443776E17
353                       1.00328005771436954E18
353.5                     1.0380356466574304E18
354                       1.07372050484247411E18
354.5                     1.11033929221681498E18
355                       1.14790934483560883E18
355.5                     1.18643402052824294E18
356                       1.22592721411206016E18
356.5                     1.26639467327751603E18
357                       1.30784319496307149E18
357.5                     1.35028402358240947E18
358                       1.39371399633496602E18
358.5                     1.43814634447880115E18
359                       1.48358104020830669E18
359.5                     1.53001812371167155E18
360                       1.57746563804179917E18
360.5                     1.62591902760643098E18
361                       1.67537673153005056E18
361.5                     1.72584129060826982E18
362                       1.77730904802693811E18
362.5                     1.82977012709599155E18
363                       1.88322584003538227E18
363.5                     1.93766797450540416E18
364                       1.993088674489024E18
364.5                     2.0494766480381417E18
365                       2.10682294397388493E18
365.5                     2.16511871755225088E18
366                       2.22434952503692314E18
366.5                     2.28450201832800768E18
367                       2.3455614505170739E18
367.5                     2.4075117915806751E18
368                       2.4703349252631316E18
368.5                     2.5340133314431923E18
369                       2.5985281789541038E18
369.5                     2.6638592589664814E18
370                       2.7299853856192891E18
370.5                     2.7968844491940347E18
371                       2.8645338563951396E18
371.5                     2.9329091025284311E18
372                       3.0019852287960658E18
372.5                     3.0717375601732219E18
373                       3.1421400436742554E18
373.5                     3.2131660384435845E18
374                       3.2847876814950902E18
374.5                     3.3569780667495854E18
375                       3.4297090922426476E18
375.5                     3.5029504601689825E18
376                       3.5766742217302308E18
376.5                     3.650851175825278E18
377                       3.7254516133440594E18
377.5                     3.8004444885748326E18
378                       3.8758012621075999E18
378.5                     3.9514921390092867E18
379                       4.0274851729845089E18
379.5                     4.1037515734148393E18
380                       4.1802608279703649E18
380.5                     4.2569819459356575E18
381                       4.3338864049427436E18
381.5                     4.4109432167683548E18
382                       4.4881238508970127E18
382.5                     4.5653977280050524E18
383                       4.6427368032899133E18
383.5                     4.7201109422882089E18
384                       4.7974920178500219E18
384.5                     4.8748519269804472E18
385                       4.9521628153678213E18
385.5                     5.0293974221315338E18
386                       5.1065283653695621E18
386.5                     5.1835291624547891E18
387                       5.2603737008065812E18
387.5                     5.3370359767864279E18
388                       5.413490461417342E18
388.5                     5.489712619947049E18
389                       5.5656783098455951E18
389.5                     5.641363729584385E18
390                       5.7167455685247375E18
390.5                     5.7918010756713748E18
391                       5.8665079759153684E18
391.5                     5.9408444750237901E18
392                       6.0147892810552422E18
392.5                     6.0883215927408681E18
393                       6.1614206581684029E18
393.5                     6.2340670485480765E18
394                       6.3062414675330509E18
394.5                     6.3779250636257864E18
395                       6.4490994317093376E18
395.5                     6.5197465992547881E18
396                       6.5898490220043919E18
396.5                     6.6593895762525942E18
397                       6.7283515488155771E18
397.5                     6.7967186263105731E18
398                       6.8644748842695854E18
398.5                     6.9316047763107656E18
399                       6.9980930570061036E18
399.5                     7.0639246530880502E18
400                       7.1290853329725686E18
400.5                     7.1935610364991795E18
401                       7.2573379260241695E18
401.5                     7.3204025122316636E18
402                       7.3827416877044859E18
402.5                     7.4443425862649713E18
403                       7.5051925782112256E18
403.5                     7.5652793593281741E18
404                       7.6245910302232074E18
404.5                     7.6831158213881477E18
405                       7.7408422432602481E18
405.5                     7.7977590982093978E18
406                       7.8538556238322074E18
406.5                     7.9091210611214264E18
407                       7.9635450025726003E18
407.5                     8.0171173264635894E18
408                       8.0698282878290166E18
408.5                     8.1216681636968684E18
409                       8.1726275787864965E18
409.5                     8.222697440508926E18
410                       8.2718688280497183E18
410.5                     8.3201331872349573E18
411                       8.3674822717357394E18
411.5                     8.4139079958409288E18
412                       8.4594026365328118E18
412.5                     8.5039586570138962E18
413                       8.5475688405121075E18
413.5                     8.5902262188850319E18
414                       8.6319241028364421E18
414.5                     8.6726561184847718E18
415                       8.7124161236942418E18
415.5                     8.7511983637535437E18
416                       8.7889972636667003E18
416.5                     8.8258077140399288E18
417                       8.8616247283311831E18
417.5                     8.896443870275243E18
418                       8.9302607644686285E18
418.5                     8.9630716771066368E18
419                       8.9948728677061437E18
419.5                     9.0256613354503813E18
420                       9.0554339992678717E18
420.5                     9.0841886226493635E18
421                       9.1119228223570862E18
421.5                     9.1386351168998871E18
422                       9.1643238892731433E18
422.5                     9.1889884223385078E18
423                       9.2126278993562573E18
423.5                     9.235242391056933E18
424                       9.25683190997202E18
424.5                     9.277397338264545E18
425                       9.296939545431603E18
425.5                     9.31546024681361E18
426                       9.332961194783402E18
426.5                     9.349444957320466E18
427                       9.364914193325136E18
427.5                     9.379372340136028E18
428                       9.392822984100758E18
428.5                     9.405270445445482E18
429                       9.416719255678157E18
429.5                     9.427174627817304E18
430                       9.436642052565434E18
430.5                     9.445127641590546E18
431                       9.452637854685719E18
431.5                     9.459179703580508E18
432                       9.464760622462171E18
432.5                     9.469388519718478E18
433                       9.473071804209582E18
433.5                     9.475819272419613E18
434                       9.477640302728634E18
434.5                     9.478544565695971E18
435                       9.478542398254928E18
435.5                     9.477644325306268E18
436                       9.475861625216815E18
436.5                     9.473205651573596E18
437                       9.469688600610294E18
437.5                     9.465322622882808E18
438                       9.46012080223532E18
438.5                     9.454096048331602E18
439                       9.447262295505437E18
439.5                     9.439633184224672E18
440                       9.431223408103344E18
440.5                     9.422047340147268E18
441                       9.41212035235925E18
441.5                     9.40145750914288E18
442                       9.390074795894661E18
442.5                     9.377987909585195E18
443                       9.365213381814485E18
443.5                     9.35176747709855E18
444                       9.33766720048753E18
444.5                     9.322929313156065E18
445                       9.307571215781368E18
445.5                     9.291610089875235E18
446                       9.275063649447231E18
446.5                     9.257949415129612E18
447                       9.240285328201902E18
447.5                     9.2220891629445908E18
448                       9.2033789988794348E18
448.5                     9.1841727749555978E18
449                       9.1644886178363453E18
449.5                     9.1443445394913874E18
450                       9.1237586215220183E18
450.5                     9.1027488555363727E18
451                       9.081333185799895E18
451.5                     9.0595294894413947E18
452                       9.0373554821306388E18
452.5                     9.0148288327232328E18
453                       8.99196693915085E18
453.5                     8.9687871696254218E18
454                       8.9453065184218921E18
454.5                     8.9215419632727839E18
455                       8.8975100131862497E18
455.5                     8.8732271692178934E18
456                       8.8487093788411955E18
456.5                     8.8239725849452964E18
457                       8.7990321035013192E18
457.5                     8.773903243460522E18
458                       8.7486006326538086E18
458.5                     8.7231388584543007E18
459                       8.6975318253636342E18
459.5                     8.6717933276935762E18
460                       8.6459365020168581E18
460.5                     8.6199743003025633E18
461                       8.5939190462625638E18
461.5                     8.5677828124470477E18
462                       8.5415770733699062E18
462.5                     8.51531299469747E18
463                       8.4890011742512845E18
463.5                     8.4626518530327296E18
464                       8.4362747336074588E18
464.5                     8.409879124115753E18
465                       8.3834738221698908E18
465.5                     8.3570672041680425E18
466                       8.3306671617255946E18
466.5                     8.3042811495168799E18
467                       8.2779161604190147E18
467.5                     8.2515787457497528E18
468                       8.2252750147428792E18
468.5                     8.199010641408215E18
469                       8.1727908736966492E18
469.5                     8.1466205412883128E18
470                       8.1205040598273577E18
470.5                     8.094445453752918E18
471                       8.0684483412847964E18
471.5                     8.0425159859606641E18
472                       8.0166512486179707E18
472.5                     7.9908566806111027E18
473                       7.9651344298287852E18
473.5                     7.9394863876670126E18
474                       7.9139140371340605E18
474.5                     7.8884186645531771E18
475                       7.8630011390049915E18
475.5                     7.8376621984865669E18
476                       7.8124021512788029E18
476.5                     7.7872212414151281E18
477                       7.7621192814844467E18
477.5                     7.737096066355584E18
478                       7.7121509809613322E18
478.5                     7.6872834193237146E18
479                       7.6624923998354432E18
479.5                     7.6377769701738598E18
480                       7.6131358404588749E18
480.5                     7.588567765911422E18
481                       7.5640712054628004E18
481.5                     7.5396446747848745E18
482                       7.5152864371347026E18
482.5                     7.4909948202529157E18
483                       7.4667679453569157E18
483.5                     7.4426040023351163E18
484                       7.4185010218682665E18
484.5                     7.3944571043382518E18
485                       7.370470239072727E18
485.5                     7.3465384834121288E18
486                       7.3226598320604918E18
486.5                     7.2988323437950659E18
487                       7.2750540628835021E18
487.5                     7.2513230919682468E18
488                       7.2276375664769946E18
488.5                     7.2039956732565903E18
489                       7.1803956778896865E18
489.5                     7.1568358896716554E18
490                       7.1333147407445504E18
490.5                     7.1098306990127503E18
491                       7.086382397031809E18
491.5                     7.0629684954173194E18
492                       7.0395878584951235E18
492.5                     7.0162393716784886E18
493                       6.9929221599879967E18
493.5                     6.9696353637501266E18
494                       6.9463783952459551E18
494.5                     6.9231506779112305E18
495                       6.899951933570049E18
495.5                     6.8767819011004518E18
496                       6.8536406263146404E18
496.5                     6.8305281949275986E18
497                       6.8074449923548232E18
497.5                     6.7843914738481439E18
498                       6.7613683846010184E18
498.5                     6.7383765679478057E18
499                       6.7154171473336648E18
499.5                     6.6924913707141448E18
500                       6.6696007565887508E18
500.5                     6.6467469720998042E18
501                       6.6239319459482122E18
501.5                     6.6011577770814884E18
502                       6.5784268178924298E18
502.5                     6.5557416098143631E18
503                       6.5331049407509084E18
503.5                     6.5105198033594429E18
504                       6.4879894311661169E18
504.5                     6.4655172748300196E18
505                       6.4431070218506107E18
505.5                     6.4207625856653599E18
506                       6.398488114265642E18
506.5                     6.3762879865899756E18
507                       6.3541668157108019E18
507.5                     6.3321294466642586E18
508                       6.3101809601469583E18
508.5                     6.2883266656732037E18
509                       6.2665721119229563E18
509.5                     6.2449230689422029E18
510                       6.2233855514096374E18
510.5                     6.2019657835078134E18
511                       6.1806702414000353E18
511.5                     6.1595055944200274E18
512                       6.1384787729699502E18
512.5                     6.1175968798040463E18
513                       6.0968672893636772E18
513.5                     6.0762975240580004E18
514                       6.0558953863443005E18
514.5                     6.0356688049008189E18
515                       6.0156259873425818E18
515.5                     5.9957752533056307E18
516                       5.9761251916700733E18
516.5                     5.9566844907044014E18
517                       5.9374620940225772E18
517.5                     5.9184670323391017E18
518                       5.8997085735084575E18
518.5                     5.88119606040307E18
519                       5.8629390504919603E18
519.5                     5.8449471641868667E18
520                       5.8272302096639089E18
520.5                     5.8097980457196687E18
521                       5.7926606879344097E18
521.5                     5.7758281896244306E18
522                       5.7593107260051855E18
522.5                     5.7431184962039419E18
523                       5.7272617828196004E18
523.5                     5.7117508771564687E18
524                       5.6965961125111572E18
524.5                     5.6818078137876163E18
525                       5.6673963039808993E18
525.5                     5.653371878132566E18
526                       5.6397447838275369E18
526.5                     5.6265252180387041E18
527                       5.613723284018089E18
527.5                     5.6013490079560786E18
528                       5.5894122764250522E18
528.5                     5.5779228679492321E18
529                       5.5668903771419689E18
529.5                     5.5563242542509783E18
530                       5.5462337243085609E18
530.5                     5.5366278255031388E18
531                       5.5275153340100516E18
531.5                     5.5189047896641833E18
532                       5.5108044396058982E18
532.5                     5.5032222373555067E18
533                       5.4961658198655078E18
533.5                     5.4896424681617582E18
534                       5.4836591255254006E18
534.5                     5.4782223170535639E18
535                       5.4733382086766203E18
535.5                     5.4690124886357228E18
536                       5.4652504636165192E18
536.5                     5.4620569073216E18
537                       5.4594361881054126E18
537.5                     5.4573920917690808E18
538                       5.4559279730894889E18
538.5                     5.4550465619758193E18
539                       5.4547501292459756E18
539.5                     5.4550402873118771E18
540                       5.4559181585077647E18
540.5                     5.4573841834750956E18
541                       5.4594382783407043E18
541.5                     5.4620796658969989E18
542                       5.4653070060170353E18
542.5                     5.4691182665233121E18
543                       5.4735108094634097E18
543.5                     5.4784813201789051E18
544                       5.484025830500863E18
544.5                     5.4901397259246019E18
545                       5.4968176854666097E18
545.5                     5.504053787970345E18
546                       5.5118413473499331E18
546.5                     5.5201731398513439E18
547                       5.5290411127324088E18
547.5                     5.5384367547454116E18
548                       5.5483501114957414E18
548.5                     5.5587665032153426E18
549                       5.5696819376494592E18
549.5                     5.5810840554112604E18
550                       5.592961570703444E18
550.5                     5.6053022447564329E18
551                       5.6180921220382884E18
551.5                     5.6313186848937574E18
552                       5.6449667946089615E18
552.5                     5.6590221385347E18
553                       5.6734698393831649E18
553.5                     5.6882930471784817E18
554                       5.7034767613165885E18
554.5                     5.7190033702643405E18
555                       5.7348560284487639E18
555.5                     5.7510177331644324E18
556                       5.7674693034736558E18
556.5                     5.7841937933399644E18
557                       5.8011717682677289E18
557.5                     5.8183844744881336E18
558                       5.8358134510315745E18
558.5                     5.8534379422179133E18
559                       5.8712397532266834E18
559.5                     5.8891984356044667E18
560                       5.9072941309778883E18
560.5                     5.9255077263249439E18
561                       5.9438178197622753E18
561.5                     5.9622058034054226E18
562                       5.980651157498582E18
562.5                     5.9991338792291789E18
563                       6.017635121787349E18
563.5                     6.036133906601855E18
564                       6.0546121569806981E18
564.5                     6.073050319352661E18
565                       6.091429322904405E18
565.5                     6.1097315736049183E18
566                       6.1279376720534794E18
566.5                     6.1460310736000614E18
567                       6.1639942602466806E18
567.5                     6.181810216741033E18
568                       6.199463554798677E18
568.5                     6.2169377065882552E18
569                       6.2342185377900298E18
569.5                     6.2512916058860513E18
570                       6.2681430164618291E18
570.5                     6.2847604856989471E18
571                       6.3011312646169006E18
571.5                     6.3172445079995873E18
572                       6.333089655017986E18
572.5                     6.3486567975217787E18
573                       6.3639374462566441E18
573.5                     6.3789233196656937E18
574                       6.3936075186270495E18
574.5                     6.4079838183302595E18
575                       6.422046797581054E18
575.5                     6.4357920847332291E18
576                       6.4492160665560207E18
576.5                     6.4623160220736737E18
577                       6.475090043318527E18
577.5                     6.4875371733324677E18
578                       6.499656986432641E18
578.5                     6.5114501668019917E18
579                       6.5229178474508616E18
579.5                     6.5340618529540618E18
580                       6.5448850376578181E18
580.5                     6.5553901858397174E18
581                       6.5655812886018642E18
581.5                     6.5754623979963791E18
582                       6.5850379201271624E18
582.5                     6.5943132359231242E18
583                       6.6032930723124593E18
583.5                     6.611983191617708E18
584                       6.6203890895052411E18
584.5                     6.6285161609628631E18
585                       6.6363705433286001E18
585.5                     6.643957273233577E18
586                       6.6512820235642583E18
586.5                     6.6583499379979889E18
587                       6.6651656249355039E18
587.5                     6.6717340234339471E18
588                       6.678058772811776E18
588.5                     6.6841436159464428E18
589                       6.6899915768736809E18
589.5                     6.6956048703268588E18
590                       6.7009855019771238E18
590.5                     6.7061342913446236E18
591                       6.7110516224142879E18
591.5                     6.7157370535049605E18
592                       6.7201893177084232E18
592.5                     6.7244063671432694E18
593                       6.7283853831417354E18
593.5                     6.7321226893557412E18
594                       6.735613765350228E18
594.5                     6.7388535188390287E18
595                       6.7418356041532109E18
595.5                     6.7445534972198871E18
596                       6.7469996106776013E18
596.5                     6.7491655705553367E18
597                       6.7510428614541548E18
597.5                     6.7526214985376799E18
598                       6.7538918309651128E18
598.5                     6.7548432357573294E18
599                       6.7554643940044995E18
599.5                     6.7557443287721114E18
600                       6.7556706151793848E18
600.5                     6.7552315127966843E18
601                       6.7544145930952499E18
601.5                     6.7532068299216077E18
602                       6.751595947444993E18
602.5                     6.7495684011908823E18
603                       6.7471114900739983E18
603.5                     6.7442121664001249E18
604                       6.7408568667764337E18
604.5                     6.7370330311633193E18
605                       6.7327270704283566E18
605.5                     6.727926231793706E18
606                       6.7226177086229975E18
606.5                     6.7167882327257928E18
607                       6.7104256270522593E18
607.5                     6.7035169136355215E18
608                       6.6960498385692252E18
608.5                     6.6880122943963597E18
609                       6.6793917448759101E18
609.5                     6.6701767119488133E18
610                       6.6603551065015931E18
610.5                     6.6499154133989734E18
611                       6.6388463820842691E18
611.5                     6.6271363648705772E18
612                       6.614774678940585E18
612.5                     6.6017501903626148E18
613                       6.5880522027744348E18
613.5                     6.573670351932288E18
614                       6.5585939314476134E18
614.5                     6.5428130890339553E18
615                       6.526317672994046E18
615.5                     6.5090978739024876E18
616                       6.4911442554537943E18
616.5                     6.4724471381763359E18
617                       6.4529975826872003E18
617.5                     6.4327865117984758E18
618                       6.4118051453766943E18
618.5                     6.3900450971715523E18
619                       6.3674978955794647E18
619.5                     6.3441556851207485E18
620                       6.320010653589634E18
620.5                     6.2950552919025859E18
621                       6.2692824783158108E18
621.5                     6.2426852338006589E18
622                       6.2152570467649618E18
622.5                     6.186991652865662E18
623                       6.1578831497049119E18
623.5                     6.1279259781398385E18
624                       6.0971150206846433E18
624.5                     6.0654454544653445E18
625                       6.0329129210702008E18
625.5                     5.9995135428174817E18
626                       5.9652437005687409E18
626.5                     5.9301005535924439E18
627                       5.8940814128527954E18
627.5                     5.8571842389252434E18
628                       5.8194076702955674E18
628.5                     5.7807504668973148E18
629                       5.741212541580118E18
629.5                     5.7007938518894531E18
630                       5.6594951443135191E18
630.5                     5.6173181299871119E18
631                       5.5742644399535933E18
631.5                     5.5303372681093816E18
632                       5.4855397898912256E18
632.5                     5.439876046584617E18
633                       5.3933514308449649E18
633.5                     5.3459709769432934E18
634                       5.2977417214197688E18
634.5                     5.2486706716534682E18
635                       5.198765695971329E18
635.5                     5.1480365081172941E18
636                       5.096492096471081E18
636.5                     5.0441439096476815E18
637                       4.9910034165514465E18
637.5                     4.9370828389411205E18
638                       4.8823968465060905E18
638.5                     4.8269589176538972E18
639                       4.770785450121684E18
639.5                     4.7138929762738924E18
640                       4.6562985482195476E18
640.5                     4.5980223679037711E18
641                       4.5390828746640891E18
641.5                     4.4795018619750011E18
642                       4.4193014362388951E18
642.5                     4.3585038459259715E18
643                       4.2971352664216822E18
643.5                     4.2352194341250678E18
644                       4.1727838155554017E18
644.5                     4.109856422502206E18
645                       4.0464648735480878E18
645.5                     3.9826415216332969E18
646                       3.9184155105741609E18
646.5                     3.8538199876372593E18
647                       3.7888889091955994E18
647.5                     3.7236551450695409E18
648                       3.6581570668623759E18
648.5                     3.5924290004764595E18
649                       3.5265093944904484E18
649.5                     3.4604377635807739E18
650                       3.394251782773314E18
650.5                     3.3279949438519316E18
651                       3.2617063094144394E18
651.5                     3.1954286616125542E18
652                       3.1292061218344781E18
652.5                     3.0630801865229199E18
653                       2.9970979925512899E18
653.5                     2.9313022636563379E18
654                       2.8657385545484892E18
654.5                     2.8004539568940703E18
655                       2.7354921404262031E18
655.5                     2.6709018697101425E18
656                       2.606727621796287E18
656.5                     2.5430155623568527E18
657                       2.4798133743827922E18
657.5                     2.4171646124055997E18
658                       2.3551169752274806E18
658.5                     2.29371408924065894E18
659                       2.23299997558991488E18
659.5                     2.17301984425528525E18
660                       2.11381429508126054E18
660.5                     2.05542673238812006E18
661                       1.99789676520910669E18
661.5                     1.94126311608446874E18
662                       1.88556499642061082E18
662.5                     1.83083690297264768E18
663                       1.77711449410057805E18
663.5                     1.72442994435076685E18
664                       1.67281348596289331E18
664.5                     1.62229476457114803E18
665                       1.57289912455798989E18
665.5                     1.52465128957278566E18
666                       1.47757282613582182E18
666.5                     1.43168275297696742E18
667                       1.38699813063118106E18
667.5                     1.34353273557952077E18
668                       1.30129802805787827E18
668.5                     1.26030264889645466E18
669                       1.22055271433293312E18
669.5                     1.18205088397385011E18
670                       1.14479813785527526E18
670.5                     1.10879177843851533E18
671                       1.07402664806470541E18
671.5                     1.04049578128015078E18
672                       1.00818736649588813E18
672.5                     9.7708995237883968E17
673                       9.4718758877431552E17
673.5                     9.1846226234672602E17
674                       8.9089546505689024E17
674.5                     8.6446280954720806E17
675                       8.3914246030242918E17
675.5                     8.1490790246645965E17
676                       7.9173099915239629E17
676.5                     7.6958473729632282E17
677                       7.4843585528061773E17
677.5                     7.2825544475863578E17
678                       7.0901045688475686E17
678.5                     6.9066665985566502E17
679                       6.7319243134798797E17
679.5                     6.565505646901751E17
680                       6.4070881992775616E17
680.5                     6.25632204688832E17
681                       6.1128486354162688E17
681.5                     5.9763467634147302E17
682                       5.8464505212453197E17
682.5                     5.7228433434859968E17
683                       5.6051959735918931E17
683.5                     5.493173259664439E17
684                       5.3864830465089958E17
684.5                     5.2848010460364211E17
685                       5.1878470013009158E17
685.5                     5.0953402150738125E17
686                       5.0069962022086477E17
686.5                     4.9225731681797216E17
687                       4.8418085757936224E17
687.5                     4.7644756739642208E17
688                       4.6903550505333088E17
688.5                     4.6192248801445114E17
689                       4.5509010245821466E17
689.5                     4.4851872681914394E17
690                       4.4219140832093114E17
690.5                     4.3609225211280781E17
691                       4.3020518996345754E17
691.5                     4.2451716770076947E17
692                       4.1901448404885274E17
692.5                     4.1368527313671603E17
693                       4.0851871771562906E17
693.5                     4.03503843362056E17
694                       3.9863189708084506E17
694.5                     3.9389378681982624E17
695                       3.8928159030930944E17
695.5                     3.8478825314057901E17
696                       3.8040655250425325E17
696.5                     3.761308068959504E17
697                       3.7195513887765773E17
697.5                     3.6787436634893722E17
698                       3.6388395571530656E17
698.5                     3.5997918770277722E17
699                       3.5615637977260928E17
699.5                     3.5241171108882554E17
700                       3.487417494228153E17
700.5                     3.4514352693358304E17
701                       3.4161387941943142E17
701.5                     3.3815034395771981E17
702                       3.347503432123879E17
702.5                     3.3141150538425907E17
703                       3.2813179543031872E17
703.5                     3.249089815116505E17
704                       3.2174132563730426E17
704.5                     3.1862699032960147E17
705                       3.1556424022610611E17
705.5                     3.1255159184250253E17
706                       3.0958739452581024E17
706.5                     3.066703336600537E17
707                       3.037990307679056E17
707.5                     3.0097214678141658E17
708                       2.9818854273071347E17
708.5                     2.9544694019749997E17
709                       2.927462960755609E17
709.5                     2.900855321471063E17
710                       2.87463573480535552E17
710.5                     2.8487951256553952E17
711                       2.82332325488635008E17
711.5                     2.79821158119041728E17
712                       2.77345142493793792E17
712.5                     2.7490339259904592E17
713                       2.72495167237467648E17
713.5                     2.70119627832446336E17
714                       2.67776060204675392E17
714.5                     2.6546375204236832E17
715                       2.63181959872556032E17
715.5                     2.60930067945569888E17
716                       2.587073786983064E17
716.5                     2.56513286061039584E17
717                       2.54347197257438816E17
717.5                     2.52208480168312416E17
718                       2.5009661666552448E17
718.5                     2.4801101953020944E17
719                       2.45951168483718272E17
719.5                     2.43916564747876768E17
720                       2.41906665181049952E17
720.5                     2.39921029204397504E17
721                       2.37959157595630912E17
721.5                     2.36020599418454304E17
722                       2.34104931050668768E17
722.5                     2.3221168160652064E17
723                       2.30340473048710688E17
723.5                     2.2849087733534176E17
724                       2.2666250036652576E17
724.5                     2.24854979394614304E17
725                       2.23067902965842016E17
725.5                     2.21300944097673632E17
726                       2.1955373299944816E17
726.5                     2.17825922697577952E17
727                       2.16117200287881472E17
727.5                     2.14427203731243552E17
728                       2.12755648156138464E17
728.5                     2.11102211920686592E17
729                       2.09466587518072736E17
729.5                     2.07848503241026336E17
730                       2.06247638526987136E17
730.5                     2.04663743556444512E17
731                       2.0309653683958528E17
731.5                     2.015457442176336E17
732                       2.00011127686820256E17
732.5                     1.9849240370213776E17
733                       1.96989349958947168E17
733.5                     1.9550171935768464E17
734                       1.9402926615131008E17
734.5                     1.9257178008388704E17
735                       1.91129010871943936E17
735.5                     1.89700757803376864E17
736                       1.88286803475135136E17
736.5                     1.86886926542688096E17
737                       1.85500940320595968E17
737.5                     1.84128622852381856E17
738                       1.82769792104314848E17
738.5                     1.81424255943460352E17
739                       1.80091814164552672E17
739.5                     1.78772300273360128E17
740                       1.77465516639310688E17
740.5                     1.76171297543134368E17
741                       1.748894725430464E17
741.5                     1.73619859930177536E17
742                       1.7236231067999024E17
742.5                     1.71116648257995904E17
743                       1.69882721368796672E17
743.5                     1.68660378389234432E17
744                       1.67449454001418976E17
744.5                     1.66249814491072736E17
745                       1.65061301849185408E17
745.5                     1.63883777740558528E17
746                       1.62717107097251616E17
746.5                     1.61561139373171872E17
747                       1.60415754503757824E17
747.5                     1.5928081101772448E17
748                       1.58156182478344224E17
748.5                     1.57041748651211008E17
749                       1.55937372598526752E17
749.5                     1.54842946701332512E17
750                       1.537583445665616E17
750.5                     1.52683450982337312E17
751                       1.51618159316791072E17
751.5                     1.50562345510416096E17
752                       1.49515913607898304E17
752.5                     1.48478751316257728E17
753                       1.47450754348147104E17
753.5                     1.46431828885715904E17
754                       1.454218634235688E17
754.5                     1.44420773271639328E17
755                       1.43428459686993504E17
755.5                     1.42444829351096E17
756                       1.41469800855876096E17
756.5                     1.40503275285015856E17
757                       1.3954517914406288E17
757.5                     1.38595427046324048E17
758                       1.376539369764472E17
758.5                     1.36720639787270784E17
759                       1.35795449620526896E17
759.5                     1.34878304204848032E17
760                       1.33969131624103376E17
760.5                     1.3306786170208008E17
761                       1.32174437286570944E17
761.5                     1.3128878717160984E17
762                       1.30410859520443872E17
762.5                     1.29540596450191104E17
763                       1.28677940236500416E17
763.5                     1.2782284601691032E17
764                       1.26975257386994144E17
764.5                     1.2613513362750992E17
765                       1.25302430940477648E17
765.5                     1.24477104587346528E17
766                       1.23659122206037904E17
766.5                     1.22848442215779024E17
767                       1.2204503552633408E17
767.5                     1.21248872298056528E17
768                       1.20459921060418464E17
768.5                     1.19678161921939584E17
769                       1.18903567849401824E17
769.5                     1.18136039649793536E17
770                       1.17375417179704752E17
770.5                     1.16622039009963568E17
771                       1.15875797266019568E17
771.5                     1.15136664970768768E17
772                       1.14404626831486592E17
772.5                     1.13679674250259232E17
773                       1.1296180228890288E17
773.5                     1.1225102170079928E17
774                       1.11547332185892064E17
774.5                     1.10850735575376864E17
775                       1.1016122826702344E17
775.5                     1.09478827988327184E17
776                       1.08803545065053024E17
776.5                     1.08135389317376672E17
777                       1.07474369439048496E17
777.5                     1.06820499648020768E17
778                       1.06173802630485984E17
778.5                     1.05534294731473632E17
779                       1.04901993849949376E17
779.5                     1.0427691347103544E17
780                       1.03659082958674256E17
780.5                     1.03048524468070144E17
781                       1.02445260115973696E17
781.5                     1.01849310046049648E17
782                       1.01260699344409712E17
782.5                     1.00679456830246176E17
783                       1.00105606758346848E17
783.5                     9.9539173641463584E16
784                       9.8980176685998288E16
784.5                     9.8428648556651488E16
785                       9.7884613689424352E16
785.5                     9.7348070099311248E16
786                       9.6818767123121024E16
786.5                     9.629681127625208E16
787                       9.578241070081248E16
787.5                     9.527571989803696E16
788                       9.477671227754656E16
788.5                     9.428529783513392E16
789                       9.3801591447242976E16
789.5                     9.3325589859731632E16
790                       9.2857253451851408E16
790.5                     9.2396691914907952E16
791                       9.194380766047664E16
791.5                     9.1498676635857376E16
792                       9.1061330069866016E16
792.5                     9.0631659586418256E16
793                       9.0209800963462656E16
793.5                     8.9795656186384656E16
794                       8.9389240557199104E16
794.5                     8.8990636466099536E16
795                       8.8599646275815664E16
795.5                     8.8216437207479248E16
796                       8.7840923602092784E16
796.5                     8.7473036534775264E16
797                       8.7112912678343456E16
797.5                     8.6760289696833968E16
798                       8.6415326880673952E16
798.5                     8.6077977182571392E16
799                       8.5748063810773136E16
799.5                     8.54257640918444E16
800                       8.5110826274286E16
800.5                     8.480331255252264E16
801                       8.4503257441523328E16
801.5                     8.42103560377852E16
802                       8.3924829970804E16
802.5                     8.3646456145997056E16
803                       8.3375171837366576E16
803.5                     8.3111113010781472E16
804                       8.28538338959932E16
804.5                     8.2603600001104032E16
805                       8.2360234682232976E16
805.5                     8.212352871186376E16
806                       8.1893689995478096E16
806.5                     8.1670256872564432E16
807                       8.1453406097827824E16
807.5                     8.1243064879966128E16
808                       8.1038865681954176E16
808.5                     8.0841068528272928E16
809                       8.0649275087756464E16
809.5                     8.0463493269634112E16
810                       8.028378769127888E16
810.5                     8.010963241092744E16
811                       7.9941333766204448E16
811.5                     7.9778574000803504E16
812                       7.9621181209081088E16
812.5                     7.9469360775198944E16
813                       7.9322440292047856E16
813.5                     7.9180762060179152E16
814                       7.90440995591052E16
814.5                     7.8912103370807744E16
815                       7.8785035363157072E16
815.5                     7.8662328182421408E16
816                       7.8544117476365168E16
816.5                     7.8430347718517056E16
817                       7.8320506954239904E16
817.5                     7.8214900888403648E16
818                       7.8113081781954864E16
818.5                     7.8014979359197488E16
819                       7.7920700131018672E16
819.5                     7.7829595357267552E16
820                       7.7742000216223568E16
820.5                     7.7657587873174016E16
821                       7.7576101040751712E16
821.5                     7.7497764117024736E16
822                       7.7421894217762048E16
822.5                     7.7348770778273792E16
823                       7.7278204709977776E16
823.5                     7.7209781154376368E16
824                       7.714376373635048E16
824.5                     7.7079622936932144E16
825                       7.7017416637044224E16
825.5                     7.6957131053182816E16
826                       7.6898230407112944E16
826.5                     7.6841000775650208E16
827                       7.6785055346493312E16
827.5                     7.673026513882248E16
828                       7.6676758444982224E16
828.5                     7.6623918895194384E16
829                       7.6572038154084016E16
829.5                     7.6520855672856112E16
830                       7.6470096519699376E16
830.5                     7.6419955283207584E16
831                       7.6369891837786464E16
831.5                     7.6320071632452016E16
832                       7.627037889526304E16
832.5                     7.6220436166883184E16
833                       7.6170454553645152E16
833.5                     7.6120044693762304E16
834                       7.6069196045655872E16
834.5                     7.6017927737022768E16
835                       7.5965802387935408E16
835.5                     7.591303157607784E16
836                       7.5859351777286896E16
836.5                     7.5804624281053264E16
837                       7.5748961646904832E16
837.5                     7.5691905629455024E16
838                       7.5633654755472048E16
838.5                     7.5574045501175968E16
839                       7.5512856682653264E16
839.5                     7.5450218833655904E16
840                       7.5385797938034352E16
840.5                     7.5319657488695616E16
841                       7.525174609305696E16
841.5                     7.5181801203881728E16
842                       7.5109950791325216E16
842.5                     7.5035973938242608E16
843                       7.4959829942009776E16
843.5                     7.4881543935011728E16
844                       7.480084684783752E16
844.5                     7.471785303992448E16
845                       7.4632426626226064E16
845.5                     7.4544466504411472E16
846                       7.4454033803727552E16
846.5                     7.4360894659762592E16
847                       7.426512809969928E16
847.5                     7.416666279674168E16
848                       7.4065373962630544E16
848.5                     7.396131804227848E16
849                       7.385435174853056E16
849.5                     7.3744479252443008E16
850                       7.3631683927286064E16
850.5                     7.3515846352975696E16
851                       7.3397009772875248E16
851.5                     7.3275094523857376E16
852                       7.3150068530956224E16
852.5                     7.3021938860119936E16
853                       7.2890612874236E16
853.5                     7.2756115379409152E16
854                       7.2618407584814208E16
854.5                     7.2477451612589888E16
855                       7.2333252762784912E16
855.5                     7.2185765249674272E16
856                       7.2034987323992688E16
856.5                     7.1880904547161168E16
857                       7.1723495831789336E16
857.5                     7.1562753355691632E16
858                       7.1398670578990328E16
858.5                     7.12312348626772E16
859                       7.1060436631078016E16
859.5                     7.0886287010657352E16
860                       7.070876182959044E16
860.5                     7.0527875107393392E16
861                       7.0343626642090592E16
861.5                     7.0155994134231528E16
862                       6.9965030076853184E16
862.5                     6.9770693154415992E16
863                       6.957300354710912E16
863.5                     6.9371989643662544E16
864                       6.9167613449937344E16
864.5                     6.8959947581361584E16
865                       6.8748959865871952E16
865.5                     6.8534657701139928E16
866                       6.8317108048950736E16
866.5                     6.8096257326369152E16
867                       6.7872179324701072E16
867.5                     6.7644872235936848E16
868                       6.7414317235982512E16
868.5                     6.718062470155752E16
869                       6.694372583308888E16
869.5                     6.670368541736552E16
870                       6.64605422246078E16
870.5                     6.6214246112116616E16
871                       6.5964946997901616E16
871.5                     6.571256728733492E16
872                       6.5457154292273632E16
872.5                     6.5198792587542656E16
873                       6.4937415913914464E16
873.5                     6.467315829456596E16
874                       6.4405989168424424E16
874.5                     6.4135916491113456E16
875                       6.3863071843254752E16
875.5                     6.3587374184409984E16
876                       6.3308935302202528E16
876.5                     6.3027776700264648E16
877                       6.2743864484090128E16
877.5                     6.2457375268036152E16
878                       6.2168215671013304E16
878.5                     6.1876471457278336E16
879                       6.1582217361717464E16
879.5                     6.1285387367486648E16
880                       6.0986171691704352E16
880.5                     6.0684494868060696E16
881                       6.0380405923237328E16
881.5                     6.0074030927634912E16
882                       5.9765288513793384E16
882.5                     5.9454335605553904E16
883                       5.9141159089116688E16
883.5                     5.8825757660994664E16
884                       5.8508304454254224E16
884.5                     5.8188705729081712E16
885                       5.7867083950588696E16
885.5                     5.7543486087228432E16
886                       5.7217863907713584E16
886.5                     5.6890431540149864E16
887                       5.6561086402945816E16
887.5                     5.6229916908611576E16
888                       5.5897025547614664E16
888.5                     5.5562339422323936E16
889                       5.5226055195977168E16
889.5                     5.4888116409488416E16
890                       5.4548562048702872E16
890.5                     5.4207543818654144E16
891                       5.3864975919123544E16
891.5                     5.3521013720025048E16
892                       5.31756665035606E16
892.5                     5.2828921264117624E16
893                       5.2480971336913144E16
893.5                     5.2131721859573368E16
894                       5.1781289080496656E16
894.5                     5.1429741142360896E16
895                       5.1077020049331032E16
895.5                     5.0723352320443688E16
896                       5.036863803882456E16
896.5                     5.0012957430476864E16
897                       4.9656429383813456E16
897.5                     4.9298982015645288E16
898                       4.8940796434519264E16
898.5                     4.8581841338237304E16
899                       4.8222141512376472E16
899.5                     4.7861857643457888E16
900                       4.7500908478399648E16
900.5                     4.7139432262417232E16
901                       4.677745853979912E16
901.5                     4.641496483344688E16
902                       4.6052144214037544E16
902.5                     4.568891020021468E16
903                       4.532536253089232E16
903.5                     4.4961581899489048E16
904                       4.4597514071107664E16
904.5                     4.4233355559358536E16
905                       4.3869038052272424E16
905.5                     4.3504621139978344E16
906                       4.3140226545975896E16
906.5                     4.2775790533639968E16
907                       4.241146448184808E16
907.5                     4.2047241187846304E16
908                       4.168313212603916E16
908.5                     4.1319289846208024E16
909                       4.0955645345283536E16
909.5                     4.0592310329741712E16
910                       4.022932767682096E16
910.5                     3.9866670744803344E16
911                       3.9504512933169664E16
911.5                     3.9142783923325192E16
912                       3.8781561455087192E16
912.5                     3.8420927436724296E16
913                       3.8060837435917272E16
913.5                     3.7701444624305896E16
914                       3.734271252815184E16
914.5                     3.6984680159111296E16
915                       3.6627457699322048E16
915.5                     3.6270995691974184E16
916                       3.5915407973547288E16
916.5                     3.5560705365988104E16
917                       3.5206890369052488E16
917.5                     3.4854091256320136E16
918                       3.4502257391140624E16
918.5                     3.4151469698117756E16
919                       3.3801774612452828E16
919.5                     3.3453148282989272E16
920                       3.3105727717561668E16
920.5                     3.275946442764308E16
921                       3.2414412705977368E16
921.5                     3.2070643578267396E16
922                       3.1728127110768048E16
922.5                     3.1386967992962868E16
923                       3.104715535033614E16
923.5                     3.070871192344142E16
924                       3.0371723210358168E16
924.5                     3.0036158534056972E16
925                       2.9702092177834516E16
925.5                     2.9369543939542044E16
926                       2.9038513587856016E16
926.5                     2.870909208562612E16
927                       2.8381251064672768E16
927.5                     2.8055040982675304E16
928                       2.7730501350776408E16
928.5                     2.7407619725382616E16
929                       2.7086480012941196E16
929.5                     2.6767063327356784E16
930                       2.6449400805047592E16
930.5                     2.6133541914033828E16
931                       2.58194742551103E16
931.5                     2.5507255313433968E16
932                       2.5196890396559744E16
932.5                     2.4888392494712212E16
933                       2.4581812630549728E16
933.5                     2.4277141163742352E16
934                       2.3974415801798824E16
934.5                     2.3673655507317684E16
935                       2.3374863815406828E16
935.5                     2.3078086361064848E16
936                       2.2783318264151784E16
936.5                     2.2490583443400052E16
937                       2.2199905431055804E16
937.5                     2.1911286744822532E16
938                       2.1624758652160304E16
938.5                     2.1340325873836588E16
939                       2.1058002615014292E16
939.5                     2.0777809435202004E16
940                       2.049975237154016E16
940.5                     2.022384810129202E16
941                       1.9950107862343876E16
941.5                     1.9678541852002776E16
942                       1.9409161700964264E16
942.5                     1.9141978545637832E16
943                       1.8877000117772808E16
943.5                     1.861423606144564E16
944                       1.8353698922635748E16
944.5                     1.8095387032242252E16
945                       1.783931749361573E16
945.5                     1.7585493897079722E16
946                       1.7333917848182958E16
946.5                     1.7084606799863018E16
947                       1.6837549651168718E16
947.5                     1.6592762971442722E16
948                       1.6350252390075888E16
948.5                     1.6110006675961714E16
949                       1.5872048991760104E16
949.5                     1.563636484272943E16
950                       1.54029624392828E16
950.5                     1.5171855017726506E16
951                       1.4943015298873134E16
951.5                     1.4716472597586038E16
952                       1.4492213182980632E16
952.5                     1.4270231764675434E16
953                       1.4050552303966354E16
953.5                     1.383313140956239E16
954                       1.361800271336822E16
954.5                     1.3405157062682346E16
955                       1.3194572162268824E16
955.5                     1.2986278537107724E16
956                       1.278023539158895E16
956.5                     1.2576460884650654E16
957                       1.2374959201084378E16
957.5                     1.2175689062217206E16
958                       1.1978687570223928E16
958.5                     1.1783919873508128E16
959                       1.1591384976238798E16
959.5                     1.1401102833130892E16
960                       1.1213012588955712E16
960.5                     1.1027157383292282E16
961                       1.0843510763751428E16
961.5                     1.0662050459272028E16
962                       1.0482809591344772E16
962.5                     1.0305719327233694E16
963                       1.0130816867506648E16
963.5                     9.95808944276628E15
964                       9.787492792244492E15
964.5                     9.619067233838184E15
965                       9.452755052846668E15
965.5                     9.288568706135078E15
966                       9.126515791519636E15
966.5                     8.96653057621788E15
967                       8.808659692700882E15
967.5                     8.652858111149211E15
968                       8.499112842153481E15
968.5                     8.347451743068544E15
969                       8.19778917297079E15
969.5                     8.050176817599031E15
970                       7.904583136781077E15
970.5                     7.760970228660238E15
971                       7.619377410009375E15
971.5                     7.479724487787882E15
972                       7.342043714287591E15
972.5                     7.20632482266359E15
973                       7.072506573454464E15
973.5                     6.940635029171208E15
974                       6.810646635493307E15
974.5                     6.682544353974129E15
975                       6.556341464668517E15
975.5                     6.431955808161017E15
976                       6.309438708561558E15
976.5                     6.188743228652184E15
977                       6.069844756486712E15
977.5                     5.9527780298879E15
978                       5.837443034347006E15
978.5                     5.723894675241275E15
979                       5.612102049986042E15
979.5                     5.50201551408922E15
980                       5.393677173489873E15
980.5                     5.287006723586874E15
981                       5.182026817793026E15
981.5                     5.078732896387637E15
982                       4.977053448478565E15
982.5                     4.877036166456257E15
983                       4.778619974803921E15
983.5                     4.68179773545944E15
984                       4.58658840885493E15
984.5                     4.4929022206582075E15
985                       4.400790668701579E15
985.5                     4.3102106597949355E15
986                       4.2211286458508075E15
986.5                     4.1335803073940015E15
987                       4.0474717414173575E15
987.5                     3.962846167389536E15
988                       3.8796838850842735E15
988.5                     3.797935508691099E15
989                       3.717634916474161E15
989.5                     3.6386956504210515E15
990                       3.561161120806598E15
990.5                     3.484977764316057E15
991                       3.410143219579352E15
991.5                     3.3366479361321415E15
992                       3.264448762779513E15
992.5                     3.1935712895548205E15
993                       3.123943251755928E15
993.5                     3.0556022112145765E15
994                       2.988493269344073E15
994.5                     2.922619450748751E15
995                       2.85796641675618E15
995.5                     2.794496854405985E15
996                       2.732231382075879E15
996.5                     2.671103586247225E15
997                       2.611148563141786E15
997.5                     2.5523100427094955E15
998                       2.494596051484572E15
998.5                     2.437987957385437E15
999                       2.382454154863238E15
999.5                     2.3280105041767805E15
1000                      2.274596684178171E15
1000.5                    2.2222451785967455E15
1001                      2.1708990249998512E15
1001.5                    2.1205708409460435E15
1002                      2.0712382270923725E15
1002.5                    2.02287520147792E15
1003                      1.9754942527275205E15
1003.5                    1.9290471260069002E15
1004                      1.8835552107220765E15
1004.5                    1.8389634537993635E15
1005                      1.795296277216038E15
1005.5                    1.7525002855494678E15
1006                      1.710599346915376E15
1006.5                    1.6695440790419995E15
1007                      1.6293518196958448E15
1007.5                    1.5899825110917105E15
1008                      1.5514438799937582E15
1008.5                    1.513705503781521E15
1009                      1.476766506517299E15
1009.5                    1.4406051284623645E15
1010                      1.4052128268005862E15
1010.5                    1.3705755951577128E15
1011                      1.3366781153971195E15
1011.5                    1.3035132677531375E15
1012                      1.2710598115837535E15
1012.5                    1.2393166855210075E15
1013                      1.2082575406119032E15
1013.5                    1.1778865840319735E15
1014                      1.1481731332287272E15
1014.5                    1.1191259130587194E15
1015                      1.0907106417865864E15
1015.5                    1.0629398507134421E15
1016                      1.035776352476845E15
1016.5                    1.009235813654794E15
1017                      9.832787936403975E14
1017.5                    9.579227797851929E14
1018                      9.331287402501972E14
1018.5                    9.089117403542408E14
1019                      8.852425728297211E14
1019.5                    8.621281437291169E14
1020                      8.395362902640094E14
1020.5                    8.174773005483459E14
1021                      7.959229132212519E14
1021.5                    7.748792169299154E14
1022                      7.543223026390179E14
1022.5                    7.342544235498754E14
1023                      7.146562759409429E14
1023.5                    6.955259193000096E14
1024                      6.768489780626301E14
1024.5                    6.586189744694061E14
1025                      6.408267741924956E14
1025.5                    6.234610551770975E14
1026                      6.065182020891562E14
1026.5                    5.899817842098381E14
1027                      5.738539409567534E14
1027.5                    5.5811291183006556E14
1028                      5.427651392810317E14
1028.5                    5.277882883279485E14
1029                      5.1318773001378275E14
1029.5                    4.9894383583450625E14
1030                      4.850591424427811E14
1030.5                    4.7151751871910656E14
1031                      4.583183611244175E14
1031.5                    4.4544931245843994E14
1032                      4.329063651209559E14
1032.5                    4.206811710392184E14
1033                      4.087660947019012E14
1033.5                    3.9715699300840206E14
1034                      3.858424167592349E14
1034.5                    3.7482258629819956E14
1035                      3.640820890646607E14
1035.5                    3.53624871047532E14
1036                      3.434337234956488E14
1036.5                    3.335134467784922E14
1037                      3.238499202219147E14
1037.5                    3.14442597372942E14
1038                      3.0528260801579606E14
1038.5                    2.9636350653235325E14
1039                      2.876832761865955E14
1039.5                    2.7923079409970884E14
1040                      2.7100619695124572E14
1040.5                    2.6300096800479078E14
1041                      2.5521050775646053E14
1041.5                    2.4763200198977472E14
1042                      2.4025527453608734E14
1042.5                    2.3308121771916147E14
1043                      2.2610113232671862E14
1043.5                    2.193120469848465E14
1044                      2.1271023560167394E14
1044.5                    2.0628742977618556E14
1045                      2.000440457895402E14
1045.5                    1.9397176069368525E14
1046                      1.8806886906974875E14
1046.5                    1.8233084892958778E14
1047                      1.7675157606123597E14
1047.5                    1.7133053798163656E14
1048                      1.6606006044821453E14
1048.5                    1.609393980148479E14
1049                      1.559635298151881E14
1049.5                    1.5112805832585703E14
1050                      1.464317717294957E14
1050.5                    1.4186765835658397E14
1051                      1.3743567783739203E14
1051.5                    1.3313055264539069E14
1052                      1.2894925544715686E14
1052.5                    1.2489006872288153E14
1053                      1.2094664177954514E14
1053.5                    1.1711943010699023E14
1054                      1.1340309297792922E14
1054.5                    1.0979567202640469E14
1055                      1.0629494730141869E14
1055.5                    1.0289568876178981E14
1056                      9.95982049813572E13
1056.5                    9.63974006893876E13
1057                      9.329242395526348E13
1057.5                    9.028063315288039E13
1058                      8.735777766726128E13
1058.5                    8.452312865006367E13
1059                      8.177403313752353E13
1059.5                    7.910678428158889E13
1060                      7.652080822067553E13
1060.5                    7.401344012919672E13
1061                      7.15814605164454E13
1061.5                    6.922423710085596E13
1062                      6.6939150511634836E13
1062.5                    6.472351388539005E13
1063                      6.257654361481127E13
1063.5                    6.049571741684452E13
1064                      5.847880917347869E13
1064.5                    5.652491700827503E13
1065                      5.4631623856223766E13
1065.5                    5.279710070144676E13
1066                      5.1020356290225016E13
1066.5                    4.929908502903636E13
1067                      4.763179841041973E13
1067.5                    4.6017440971824734E13
1068                      4.445382292192442E13
1068.5                    4.2939746084531195E13
1069                      4.147411256103118E13
1069.5                    4.005485097758625E13
1070                      3.8681009171934375E13
1070.5                    3.735146549734726E13
1071                      3.606426811728311E13
1071.5                    3.48186719021994E13
1072                      3.361354735548009E13
1072.5                    3.2447062008308637E13
1073                      3.131864362507141E13
1073.5                    3.0227168245866582E13
1074                      2.9170921500257586E13
1074.5                    2.8149474286389273E13
1075                      2.7161719316767586E13
1075.5                    2.6206058123491184E13
1076                      2.528217892304575E13
1076.5                    2.4389000154537875E13
1077                      2.352503650957292E13
1077.5                    2.2690071026214957E13
1078                      2.1883007460946426E13
1078.5                    2.110261356301664E13
1079                      2.0348604592804863E13
1079.5                    1.9619933929147742E13
1080                      1.891571302078758E13
1080.5                    1.8235425116610797E13
1081                      1.75782085178779E13
1081.5                    1.6943180662196203E13
1082                      1.632973915568929E13
1082.5                    1.573729362993926E13
1083                      1.5165136301987713E13
1083.5                    1.4612431026655408E13
1084                      1.4078770815334957E13
1084.5                    1.356354666627939E13
1085                      1.3066102550181994E13
1085.5                    1.2585754810107012E13
1086                      1.2122147873423162E13
1086.5                    1.1674705297523635E13
1087                      1.1242797539317092E13
1087.5                    1.0825948914530824E13
1088                      1.042376120607165E13
1088.5                    1.0035724588751082E13
1089                      9.66124799861627E12
1089.5                    9.300008192100795E12
1090                      8.95158836894832E12
1090.5                    8.615533543495467E12
1091                      8.291313556713278E12
1091.5                    7.978699200217935E12
1092                      7.677278142556846E12
1092.5                    7.386612409713117E12
1093                      7.106331862720324E12
1093.5                    6.8361726295237705E12
1094                      6.575771734827222E12
1094.5                    6.324717279264908E12
1095                      6.082756706464257E12
1095.5                    5.84960973541402E12
1096                      5.624957377976089E12
1096.5                    5.408419726840873E12
1097                      5.1998284109845E12
1097.5                    4.998900489000548E12
1098                      4.805335776308882E12
1098.5                    4.618850749996801E12
1099                      4.439274329141374E12
1099.5                    4.266351296293798E12
1100                      4.0997987263940547E12
