300                       7.723245554556757E15
300.5                     8.149656164058866E15
301                       8.59835021265745E15
301.5                     9.07012119482515E15
302                       9.566073607681036E15
302.5                     1.0087367755646898E16
303                       1.0635184661648848E16
303.5                     1.121079388219026E16
304                       1.1815489800688548E16
304.5                     1.245063043792119E16
305                       1.3117658674028508E16
305.5                     1.3818027011667108E16
306                       1.4553299204206976E16
306.5                     1.532507841323686E16
307                       1.6135030718801198E16
307.5                     1.6984934067810138E16
308                       1.7876576442288796E16
308.5                     1.88118722824399E16
309                       1.9792799735369108E16
309.5                     2.0821395304787612E16
310                       2.1899835590308636E16
310.5                     2.3030317836207432E16
311                       2.4215173366998252E16
311.5                     2.5456833736280712E16
312                       2.6757777120997884E16
312.5                     2.812065614911914E16
313                       2.9548160630429548E16
313.5                     3.104311594131522E16
314                       3.2608499096495E16
314.5                     3.4247311763802528E16
315                       3.5962771463662868E16
315.5                     3.7758157481358224E16
316                       3.9636879052710528E16
316.5                     4.1602557766398216E16
317                       4.365881862294016E16
317.5                     4.5809541742811168E16
318                       4.805870658182592E16
318.5                     5.0410411960616712E16
319                       5.2869017097466048E16
319.5                     5.5438899393926256E16
320                       5.812470199947E16
320.5                     6.0931227184271568E16
321                       6.386337151721672E16
321.5                     6.6926346877195208E16
322                       7.0125405966193856E16
322.5                     7.3466063460590512E16
323                       7.69540734058632E16
323.5                     8.059523904259296E16
324                       8.4395738930558496E16
324.5                     8.836182412629824E16
325                       9.250018138444568E16
325.5                     9.6817196891857552E16
326                       1.01319801505617936E17
326.5                     1.06015514058003312E17
327                       1.1091166288067976E17
327.5                     1.160155670917456E17
328                       1.21335088923245584E17
328.5                     1.2687832319996704E17
329                       1.32653779570382752E17
329.5                     1.38670067936190272E17
330                       1.44935525086776384E17
330.5                     1.5145916178536432E17
331                       1.58250219736129152E17
331.5                     1.65318290807092128E17
332                       1.7267329033813216E17
332.5                     1.80324541502984128E17
333                       1.88282166234621376E17
333.5                     1.96556499139596448E17
334                       2.05158127786518464E17
334.5                     2.14098199659487392E17
335                       2.23386933879259552E17
335.5                     2.33035450216373728E17
336                       2.43055049570182624E17
336.5                     2.53457205883286624E17
337                       2.6425403381918464E17
337.5                     2.75456630968781824E17
338                       2.87076923429952672E17
338.5                     2.9912701930216013E17
339                       3.116191676389545E17
339.5                     3.2456613781449792E17
340                       3.3797992427573562E17
340.5                     3.5187307933471123E17
341                       3.6625838785149971E17
341.5                     3.8114875491030976E17
342                       3.9655749411963955E17
342.5                     4.124973947818576E17
343                       4.2898155856787469E17
343.5                     4.4602335955222726E17
344                       4.6363627239681184E17
344.5                     4.8183406637239232E17
345                       5.0063019578275533E17
345.5                     5.2003821004660922E17
346                       5.4007191531931686E17
346.5                     5.6074529942522189E17
347                       5.8207213710370816E17
347.5                     6.0406628236968256E17
348                       6.2674163918353382E17
348.5                     6.5011192935753741E17
349                       6.7419088720130611E17
349.5                     6.9899218454855309E17
350                       7.2452928282980826E17
350.5                     7.5081548035205414E17
351                       7.7786385663718579E17
351.5                     8.0568722970073715E17
352                       8.3429818470315827E17
352.5                     8.637088744581129E17
353                       8.9393104214414848E17
353.5                     9.2497597588533158E17
354                       9.5685462165587328E17
354.5                     9.8957735505814784E17
355                       1.02315400367900544E18
355.5                     1.05759381909452019E18
356                       1.09290505678845658E18
356.5                     1.12909574758639987E18
357                       1.16617321727837978E18
357.5                     1.20414370506283622E18
358                       1.24301264136805504E18
358.5                     1.28278523810900685E18
359                       1.32346498459395405E18
359.5                     1.36505517901697357E18
360                       1.40755785696764672E18
360.5                     1.45097427517752474E18
361                       1.49530453806830822E18
361.5                     1.5405480892629929E18
362                       1.58670294847121613E18
362.5                     1.6337666323887081E18
363                       1.68173515339527654E18
363.5                     1.73060358330034304E18
364                       1.78036646517876224E18
364.5                     1.83101662336752845E18
365                       1.88254620115967386E18
365.5                     1.93494612071309875E18
366                       1.98820648188161613E18
366.5                     2.04231635258792576E18
367                       2.09726376427275904E18
367.5                     2.15303565589776614E18
368                       2.20961817520119552E18
368.5                     2.26699646767482726E18
369                       2.325154775190634E18
369.5                     2.3840763129142707E18
370                       2.4437437426241152E18
370.5                     2.5041389494359204E18
371                       2.5652428239915192E18
371.5                     2.627035485613908E18
372                       2.6894967045250616E18
372.5                     2.7526053517415194E18
373                       2.8163395948415964E18
373.5                     2.8806774690183649E18
374                       2.9455962017679555E18
374.5                     3.0110725856900086E18
375                       3.0770832003324713E18
375.5                     3.1436038045903785E18
376                       3.2106103601804815E18
376.5                     3.2780783808244659E18
377                       3.345983112723884E18
377.5                     3.4142996299283016E18
378                       3.4830028671200625E18
378.5                     3.5520676191999898E18
379                       3.6214686613443333E18
379.5                     3.6911808596183972E18
380                       3.7611790329475666E18
380.5                     3.8314380461967176E18
381                       3.9019328616714895E18
381.5                     3.9726385688354847E18
382                       4.0435303889761649E18
382.5                     4.1145836245592632E18
383                       4.1857741126117458E18
383.5                     4.2570776882425728E18
384                       4.3284705517137091E18
384.5                     4.3999291104395126E18
385                       4.4714301495952036E18
385.5                     4.542950723266114E18
386                       4.6144682700568863E18
386.5                     4.6859604466145065E18
387                       4.7574055311685693E18
387.5                     4.8287820550885202E18
388                       4.9000689427674102E18
388.5                     4.9712455254122568E18
389                       5.0422915335940598E18
389.5                     5.1131871049039882E18
390                       5.1839127870831299E18
390.5                     5.2544495384697539E18
391                       5.3247786416487352E18
391.5                     5.3948819353845033E18
392                       5.4647416140729262E18
392.5                     5.5343402573338061E18
393                       5.6036608301485312E18
393.5                     5.6726866795075092E18
394                       5.7414015233092116E18
394.5                     5.8097894450414623E18
395                       5.8778348835067853E18
395.5                     5.9455226160760289E18
396                       6.0128377588821719E18
396.5                     6.079765708018048E18
397                       6.1462922042853151E18
397.5                     6.2124033290700585E18
398                       6.2780854243083407E18
398.5                     6.3433251059326382E18
399                       6.4081092555374602E18
399.5                     6.4724250107813417E18
400                       6.5362597499139686E18
400.5                     6.5996010913448509E18
401                       6.6624368807562537E18
401.5                     6.724755182201643E18
402                       6.7865442720793068E18
402.5                     6.847792625192958E18
403                       6.9084889080772434E18
403.5                     6.968621977594199E18
404                       7.0281808710699028E18
404.5                     7.0871547702855066E18
405                       7.1455330557694413E18
405.5                     7.2033052914734275E18
406                       7.2604611864658975E18
406.5                     7.3169905954217513E18
407                       7.3728835379826985E18
407.5                     7.4281301654032978E18
408                       7.4827207771369544E18
408.5                     7.5366458290774989E18
409                       7.589895898964098E18
409.5                     7.6424617165512653E18
410                       7.6943341563809454E18
410.5                     7.7455042183137526E18
411                       7.7959630571122678E18
411.5                     7.8457019638951322E18
412                       7.8947123646647726E18
412.5                     7.9429858473902582E18
413                       7.9905141297327503E18
413.5                     8.0372890811009454E18
414                       8.0833027384776929E18
414.5                     8.1285472712662262E18
415                       8.1730150201882829E18
415.5                     8.2166984945893714E18
416                       8.2595903539561759E18
416.5                     8.30168344543155E18
417                       8.3429707882220288E18
417.5                     8.3834455742912809E18
418                       8.4231012024865044E18
418.5                     8.4619312472817603E18
419                       8.499929484357289E18
419.5                     8.5370899130399283E18
420                       8.573406718657322E18
420.5                     8.6088743184602317E18
421                       8.6434873619028081E18
421.5                     8.6772407106604155E18
422                       8.7101294825971302E18
422.5                     8.7421490370688696E18
423                       8.7732949752611226E18
423.5                     8.8035631799973908E18
424                       8.8329497828114002E18
424.5                     8.8614511908813476E18
425                       8.8890641147918766E18
425.5                     8.915785524729473E18
426                       8.941612702309378E18
426.5                     8.9665432416516762E18
427                       8.9905750245514588E18
427.5                     9.0137062697486295E18
428                       9.0359355164524012E18
428.5                     9.0572616214259835E18
429                       9.0776838031455396E18
429.5                     9.0972016040291564E18
430                       9.1158149163629496E18
430.5                     9.1335240139588741E18
431                       9.150329498178132E18
431.5                     9.1662323543777731E18
432                       9.1812339513848955E18
432.5                     9.1953360083580242E18
433                       9.2085406478039736E18
433.5                     9.2208503746721393E18
434                       9.232268067143766E18
434.5                     9.242797023249471E18
435                       9.252440915543192E18
435.5                     9.261203813181549E18
436                       9.269090215596138E18
436.5                     9.27610498515969E18
437                       9.282253406075419E18
437.5                     9.28754117986671E18
438                       9.291974381197197E18
438.5                     9.295559512115595E18
439                       9.29830347464042E18
439.5                     9.300213552616507E18
440                       9.301297457982847E18
440.5                     9.30156327654958E18
441                       9.30101948316568E18
441.5                     9.29967497488039E18
442                       9.297538989351064E18
442.5                     9.294621162795827E18
443                       9.29093151962759E18
443.5                     9.286480416440433E18
444                       9.281278593915867E18
444.5                     9.275337142199683E18
445                       9.268667472624278E18
445.5                     9.261281360103664E18
446                       9.253190881106977E18
446.5                     9.244408419626404E18
447                       9.234946696603208E18
447.5                     9.224818677825057E18
448                       9.2140376260930038E18
448.5                     9.2026170848839997E18
449                       9.1905708130610729E18
449.5                     9.177912830532523E18
450                       9.1646573781216932E18
450.5                     9.1508188808146309E18
451                       9.1364119829907651E18
451.5                     9.121451483133697E18
452                       9.1059523307489516E18
452.5                     9.0899296482359357E18
453                       9.073398639533611E18
453.5                     9.0563746298373591E18
454                       9.0388730467686349E18
454.5                     9.020909352670849E18
455                       9.0024990811135928E18
455.5                     8.9836577961246894E18
456                       8.9644010525445693E18
456.5                     8.9447444223967109E18
457                       8.9247034345014815E18
457.5                     8.904293565492609E18
458                       8.8835302540836751E18
458.5                     8.862428822177535E18
459                       8.8410045016523622E18
459.5                     8.8192724170982871E18
460                       8.7972475268362834E18
460.5                     8.7749446495089203E18
461                       8.7523784300350618E18
461.5                     8.7295633058222387E18
462                       8.7065135248819988E18
462.5                     8.683243100174206E18
463                       8.6597658006433393E18
463.5                     8.6360951600351529E18
464                       8.6122444223204628E18
464.5                     8.5882265581943316E18
465                       8.5640542539890483E18
465.5                     8.5397398727893955E18
466                       8.5152954721894482E18
466.5                     8.4907327838119885E18
467                       8.4660631937765591E18
467.5                     8.4412977544284068E18
468                       8.4164471605816381E18
468.5                     8.391521746293332E18
469                       8.366531490747646E18
469.5                     8.3414859945283533E18
470                       8.3163944895199027E18
470.5                     8.2912658361813586E18
471                       8.2661085108718828E18
471.5                     8.240930615994154E18
472                       8.2157398755119473E18
472.5                     8.1905436332324987E18
473                       8.1653488593162015E18
473.5                     8.1401621489362125E18
474                       8.1149897269476219E18
474.5                     8.0898374516570972E18
475                       8.0647108196457697E18
475.5                     8.0396149714776893E18
476                       8.0145546954817946E18
476.5                     7.989534439163604E18
477                       7.9645583121015736E18
477.5                     7.9396300942376233E18
478                       7.9147532491887698E18
478.5                     7.8899309254559017E18
479                       7.8651659714591037E18
479.5                     7.8404609461844429E18
480                       7.8158181200432886E18
480.5                     7.7912394989237944E18
481                       7.7667268265694863E18
481.5                     7.7422815906540872E18
482                       7.7179050500917596E18
482.5                     7.6935982310915123E18
483                       7.6693619419932795E18
483.5                     7.6451967951300731E18
484                       7.6211032027920282E18
484.5                     7.597081400024534E18
485                       7.5731314576556974E18
485.5                     7.549253279667074E18
486                       7.5254466353857802E18
486.5                     7.5017111591633684E18
487                       7.4780463552315556E18
487.5                     7.4544516313962824E18
488                       7.430926289943297E18
488.5                     7.4074695434355374E18
489                       7.3840805387001876E18
489.5                     7.360758348949506E18
490                       7.3375019971816602E18
490.5                     7.3143104686799319E18
491                       7.2911827057275761E18
491.5                     7.2681176392459889E18
492                       7.2451141869347031E18
492.5                     7.2221712556503665E18
493                       7.1992877739384535E18
493.5                     7.1764626807113646E18
494                       7.1536949387706132E18
494.5                     7.1309835564333537E18
495                       7.108327578327296E18
495.5                     7.0857261051523523E18
496                       7.063178304094975E18
496.5                     7.0406834027775242E18
497                       7.0182407151904748E18
497.5                     6.9958496396518543E18
498                       6.9735096592869018E18
498.5                     6.9512203685573161E18
499                       6.9289814628259543E18
499.5                     6.906792748399102E18
500                       6.8846541592067482E18
500.5                     6.8625657488508795E18
501                       6.8405277048750428E18
501.5                     6.818540356371285E18
502                       6.7966041691085261E18
502.5                     6.7747197633618811E18
503                       6.7528879125788518E18
503.5                     6.7311095432040888E18
504                       6.7093857524368671E18
504.5                     6.68771780097314E18
505                       6.6661071193728563E18
505.5                     6.6445553183372657E18
506                       6.6230641837510676E18
506.5                     6.6016356848714117E18
507                       6.580271978565375E18
507.5                     6.5589754067733166E18
508                       6.5377485054040003E18
508.5                     6.5165940036790282E18
509                       6.4955148242052485E18
509.5                     6.474514090439721E18
510                       6.4535951234832906E18
510.5                     6.4327614446919834E18
511                       6.4120167785714534E18
511.5                     6.3913650511739689E18
512                       6.3708103919936543E18
512.5                     6.350357134000727E18
513                       6.3300098133050429E18
513.5                     6.3097731689752402E18
514                       6.28965214195571E18
514.5                     6.2696518752740618E18
515                       6.2497777104877466E18
515.5                     6.2300351876736246E18
516                       6.2104300437723884E18
516.5                     6.1909682073449267E18
517                       6.1716557990112625E18
517.5                     6.1524991267461612E18
518                       6.1335046805486356E18
518.5                     6.1146791326071091E18
519                       6.0960293282587996E18
519.5                     6.077562282415658E18
520                       6.0592851784048896E18
520.5                     6.0412053536389499E18
521                       6.0233303001181399E18
521.5                     6.0056676574624492E18
522                       5.9882251993627054E18
522.5                     5.9710108330333645E18
523                       5.9540325876397496E18
523.5                     5.9372986026259149E18
524                       5.9208171252061819E18
524.5                     5.9045964934589256E18
525                       5.8886451279203533E18
525.5                     5.8729715261650555E18
526                       5.8575842402307512E18
526.5                     5.8424918732738877E18
527                       5.8277030664665795E18
527.5                     5.8132264787731364E18
528                       5.7990707812844923E18
528.5                     5.78524463951795E18
529                       5.7717566960041492E18
529.5                     5.7586155613369969E18
530                       5.7458297924837048E18
530.5                     5.7334078784386253E18
531                       5.7213582274653061E18
531.5                     5.7096891426690109E18
532                       5.6984088104443556E18
532.5                     5.687525282001579E18
533                       5.6770464518715208E18
533.5                     5.6669800434951649E18
534                       5.6573335888054016E18
534.5                     5.6481144092253133E18
535                       5.6393295977746115E18
535.5                     5.6309859992778342E18
536                       5.6230901921987215E18
536.5                     5.6156484676683571E18
537                       5.6086668136410317E18
537.5                     5.6021508940242115E18
538                       5.5961060281465764E18
538.5                     5.5905371783419535E18
539                       5.5854489256655227E18
539.5                     5.5808454537149286E18
540                       5.576730536559998E18
540.5                     5.5731075123975537E18
541                       5.5699792756907653E18
541.5                     5.5673482613287578E18
542                       5.5652164178586266E18
542.5                     5.5635852130848184E18
543                       5.5624556070028626E18
543.5                     5.5618280348250132E18
544                       5.5617024165154017E18
544.5                     5.5620781247126354E18
545                       5.5629539813681562E18
545.5                     5.564328262923095E18
546                       5.5661986689393367E18
546.5                     5.5685623358619668E18
547                       5.5714158314096302E18
547.5                     5.5747551267415982E18
548                       5.5785756332480225E18
548.5                     5.5828721753502106E18
549                       5.5876389823433277E18
549.5                     5.5928697293412035E18
550                       5.5985575016293571E18
550.5                     5.6046948101395814E18
551                       5.6112736208676536E18
551.5                     5.6182852975263242E18
552                       5.6257195584831263E18
552.5                     5.6335679866591355E18
553                       5.6418203952570276E18
553.5                     5.6504660543049308E18
554                       5.6594937411149885E18
554.5                     5.6688917578377257E18
555                       5.6786479490838252E18
555.5                     5.6887497212687729E18
556                       5.6991840635496878E18
556.5                     5.7099375702661714E18
557                       5.720996464824961E18
557.5                     5.7323466249812234E18
558                       5.7439736094716232E18
558.5                     5.7558626859519816E18
559                       5.7679988601919498E18
559.5                     5.7803669064727695E18
560                       5.7929513991310418E18
560.5                     5.8057367451863706E18
561                       5.8187072179824497E18
561.5                     5.8318469917689989E18
562                       5.8451401771415747E18
562.5                     5.8585708572507935E18
563                       5.8721231246860401E18
563.5                     5.8857811189283072E18
564                       5.8995290642619013E18
564.5                     5.9133513080240271E18
565                       5.9272323590635971E18
565.5                     5.9411569262719498E18
566                       5.9551099570399877E18
566.5                     5.9690766754860698E18
567                       5.9830426202914345E18
567.5                     5.9969936819724585E18
568                       6.0109161394079764E18
568.5                     6.0247966954361416E18
569                       6.0386225113257523E18
569.5                     6.052381239921366E18
570                       6.0660610572574321E18
570.5                     6.079650692430722E18
571                       6.0931394555192207E18
571.5                     6.1065172633327196E18
572                       6.1197746627822848E18
572.5                     6.1329028516555981E18
573                       6.1458936965916631E18
573.5                     6.1587397480518543E18
574                       6.1714342520951726E18
574.5                     6.1839711587745864E18
575                       6.1963451269851331E18
575.5                     6.2085515256110653E18
576                       6.2205864308372326E18
576.5                     6.2324466194608323E18
577                       6.2441295585226158E18
577.5                     6.2556333903896494E18
578                       6.2669569133410437E18
578.5                     6.2780995589088676E18
579                       6.2890613647307254E18
579.5                     6.2998429433691699E18
580                       6.3104454472027699E18
580.5                     6.3208705295354665E18
581                       6.3311203021076367E18
581.5                     6.3411972892350577E18
582                       6.3511043788417618E18
582.5                     6.3608447706909635E18
583                       6.3704219221580257E18
583.5                     6.3798394919258644E18
584                       6.3891012820154563E18
584.5                     6.3982111785969213E18
585                       6.4071730920510228E18
585.5                     6.4159908967757844E18
586                       6.424668371246721E18
586.5                     6.4332091388522148E18
587                       6.4416166100310057E18
587.5                     6.4498939262339901E18
588                       6.45804390622643E18
588.5                     6.466068995228373E18
589                       6.4739712173681377E18
589.5                     6.4817521318922148E18
590                       6.4894127935358863E18
590.5                     6.4969537174151997E18
591                       6.5043748487471862E18
591.5                     6.5116755376489738E18
592                       6.5188545192049838E18
592.5                     6.5259098989224694E18
593                       6.5328391436302725E18
593.5                     6.5396390778014771E18
594                       6.546305885212887E18
594.5                     6.5528351157806848E18
595                       6.5592216973478441E18
595.5                     6.5654599521315246E18
596                       6.5715436174821437E18
596.5                     6.5774658705517199E18
597                       6.5832193564241695E18
597.5                     6.5887962192248064E18
598                       6.5941881356953385E18
598.5                     6.5993863507062764E18
599                       6.6043817141670359E18
599.5                     6.6091647187991357E18
600                       6.6137255382478049E18
600.5                     6.6180540650289347E18
601                       6.6221399461129226E18
601.5                     6.6259726228063437E18
602                       6.6295413650823383E18
602.5                     6.6328353014751918E18
603                       6.6358434515936993E18
603.5                     6.6385547547130706E18
604                       6.6409580958925701E18
604.5                     6.6430423295104543E18
605                       6.6447963001651927E18
605.5                     6.6462088609460552E18
606                       6.6472688891260815E18
606.5                     6.6479652993755361E18
607                       6.6482870546323988E18
607.5                     6.6482231748000041E18
608                       6.6477627434663741E18
608.5                     6.6468949128598221E18
609                       6.6456089072665651E18
609.5                     6.6438940251419812E18
610                       6.6417396401466276E18
610.5                     6.6391352013325189E18
611                       6.6360702326945884E18
611.5                     6.6325343322879478E18
612                       6.6285171710953021E18
612.5                     6.624008491808297E18
613                       6.6189981076685302E18
613.5                     6.6134759014902129E18
614                       6.6074318249693993E18
614.5                     6.6008558983613993E18
615                       6.5937382105934438E18
615.5                     6.5860689198590945E18
616                       6.5778382547294239E18
616.5                     6.5690365158011638E18
617                       6.5596540778922854E18
617.5                     6.5496813927866368E18
618                       6.5391089925224806E18
618.5                     6.5279274932153149E18
619                       6.5161275994016727E18
619.5                     6.5037001088886886E18
620                       6.4906359180935803E18
620.5                     6.4769260278566175E18
621                       6.4625615497135954E18
621.5                     6.447533712612222E18
622                       6.4318338700606863E18
622.5                     6.415453507698518E18
623                       6.3983842512789125E18
623.5                     6.3806178750572524E18
624                       6.3621463105782538E18
624.5                     6.3429616558599967E18
625                       6.3230561849695447E18
625.5                     6.302422357347201E18
626                       6.2810528301332337E18
626.5                     6.2589404670823107E18
627                       6.2360783500361718E18
627.5                     6.2124597906304543E18
628                       6.1880783422205757E18
628.5                     6.1629278122020997E18
629                       6.1370022747275059E18
629.5                     6.1102960838200668E18
630                       6.0828038868861082E18
630.5                     6.0545206386254408E18
631                       6.0254416153404355E18
631.5                     5.9955624296423967E18
632                       5.9648790455533496E18
632.5                     5.9333877940019497E18
633                       5.9010853887084769E18
633.5                     5.8679689424553728E18
634                       5.8340359837371894E18
634.5                     5.799284473782401E18
635                       5.7637128239386368E18
635.5                     5.7273199134116915E18
636                       5.6901051073443574E18
636.5                     5.6520682752229478E18
637                       5.6132098095946496E18
637.5                     5.5735306450770872E18
638                       5.5330322776396769E18
638.5                     5.4917167841337057E18
639                       5.4495868420441436E18
639.5                     5.4066457494355722E18
640                       5.3628974450586163E18
640.5                     5.3183465285824195E18
641                       5.2729982809137439E18
641.5                     5.2268586845598413E18
642                       5.1799344439889367E18
642.5                     5.1322330059366083E18
643                       5.0837625796039864E18
643.5                     5.0345321566868337E18
644                       4.9845515311720294E18
644.5                     4.9338313188313303E18
645                       4.8823829763378483E18
645.5                     4.830218819925888E18
646                       4.7773520435071365E18
646.5                     4.723796736154366E18
647                       4.6695678988535214E18
647.5                     4.6146814604226017E18
648                       4.5591542924884577E18
648.5                     4.5030042234062894E18
649                       4.4462500510012877E18
649.5                     4.3889115548592236E18
650                       4.3310095121333535E18
650.5                     4.2725656836388716E18
651                       4.2136028443354322E18
651.5                     4.1541447800469796E18
652                       4.0942162902719084E18
652.5                     4.0338431888099313E18
653                       3.9730523020439823E18
653.5                     3.9118714647090519E18
654                       3.8503295129804677E18
654.5                     3.7884562747091159E18
655                       3.7262825566331807E18
655.5                     3.6638401283929533E18
656                       3.6011617031793894E18
656.5                     3.5382809148477635E18
657                       3.4752322913328067E18
657.5                     3.412051224207401E18
658                       3.3487739342335037E18
658.5                     3.2854374327647268E18
659                       3.2220794788698911E18
659.5                     3.158738532061609E18
660                       3.0954537005286185E18
660.5                     3.0322646847901102E18
661                       2.9692117167093166E18
661.5                     2.9063354938285645E18
662                       2.8436771090127662E18
662.5                     2.7812779754169021E18
663                       2.7191797468250045E18
663.5                     2.6574242334411919E18
664                       2.596053313249878E18
664.5                     2.5351088391014083E18
665                       2.4746325417200302E18
665.5                     2.41466592887475E18
666                       2.3552501809978578E18
666.5                     2.29642604358327552E18
667                       2.23823371674375117E18
667.5                     2.18071274235398758E18
668                       2.12390188925585946E18
668.5                     2.06783903704899507E18
669                       2.01256105903704627E18
669.5                     1.95810370494551398E18
670                       1.90450148406888218E18
670.5                     1.85178754954527078E18
671                       1.79999358449127219E18
671.5                     1.74914969076108467E18
672                       1.69928428111870106E18
672.5                     1.6504239756308777E18
673                       1.60259350309928474E18
673.5                     1.55581560835445581E18
674                       1.51011096739889741E18
674.5                     1.46549810594423322E18
675                       1.42199332901843917E18
675.5                     1.37961066404565222E18
676                       1.33836180677242752E18
676.5                     1.29825608003156403E18
677                       1.25930040342952038E18
677.5                     1.2214992744596713E18
678                       1.18485476145818778E18
678.5                     1.14936650872458432E18
679                       1.1150317540265623E18
679.5                     1.08184535859926861E18
680                       1.04979984963292595E18
680.5                     1.01888547512385946E18
681                       9.8909027084036851E17
681.5                     9.6040013903186483E17
682                       9.3279893838663322E17
682.5                     9.0626858462317504E17
683                       8.8078916098488883E17
683.5                     8.5633903779885363E17
684                       8.3289500015889382E17
684.5                     8.1043238270325338E17
685                       7.8892521037888026E17
685.5                     7.6834634401967526E17
686                       7.4866762951610381E17
686.5                     7.2986004931939994E17
687                       7.1189387500580109E17
687.5                     6.9473881962561882E17
688                       6.7836418857814349E17
688.5                     6.6273902778660774E17
689                       6.4783226799696474E17
689.5                     6.3361286408919706E17
690                       6.2004992836914099E17
690.5                     6.0711285690115379E17
691                       5.9477144804515507E17
691.5                     5.8299601247466496E17
692                       5.7175747407217344E17
692.5                     5.6102746122359494E17
693                       5.5077838816155578E17
693.5                     5.4098352613595526E17
694                       5.3161706431749075E17
694.5                     5.2265416046328736E17
695                       5.1407098149160563E17
695.5                     5.0584473422311091E17
696                       4.9795368664734566E17
696.5                     4.9037718016398138E17
697                       4.8309563332808147E17
697.5                     4.7609053769524659E17
698                       4.693444464172272E17
698.5                     4.6284095195685914E17
699                       4.5656467402895027E17
699.5                     4.5050122241252461E17
700                       4.4463716221463846E17
700.5                     4.389599793006039E17
701                       4.334580404697431E17
701.5                     4.2812055139218707E17
702                       4.2293751295455718E17
702.5                     4.1789967661977888E17
703                       4.1299849935809331E17
703.5                     4.0822609865394989E17
704                       4.0357520803857587E17
704.5                     3.9903913354152845E17
705                       3.946117113977897E17
705.5                     3.9028726729103872E17
706                       3.8606057735964544E17
706.5                     3.8192683114045037E17
707                       3.778815965770873E17
707.5                     3.7392078717547098E17
708                       3.7004063134884544E17
708.5                     3.6623764395929293E17
709                       3.6250860003168819E17
709.5                     3.588505105898615E17
710                       3.5526060054292326E17
710.5                     3.517362885325177E17
711                       3.4827516863832717E17
711.5                     3.4487499382987488E17
712                       3.4153366104641427E17
712.5                     3.3824919778375808E17
713                       3.3501975006640698E17
713.5                     3.3184357168498611E17
714                       3.2871901458271712E17
714.5                     3.2564452027935974E17
715                       3.2261861222738854E17
715.5                     3.1963988900163981E17
716                       3.1670701823122906E17
716.5                     3.1381873118977344E17
717                       3.1097381796772723E17
717.5                     3.0817112315785005E17
718                       3.054095419919719E17
718.5                     3.026880168741319E17
719                       3.0000553426119597E17
719.5                     2.9736112184816794E17
720                       2.9475384602049069E17
720.5                     2.9218280954055494E17
721                       2.8964714943995194E17
721.5                     2.87146035092625984E17
722                       2.8467866644769552E17
722.5                     2.82244272403388224E17
723                       2.798421089467864E17
723.5                     2.77471458864241952E17
724                       2.75131629345231456E17
724.5                     2.72821951131694848E17
725                       2.70541777415879872E17
725.5                     2.68290482793849888E17
726                       2.66067462285267328E17
726.5                     2.63872130413598464E17
727                       2.61703920341543584E17
727.5                     2.59562283057241856E17
728                       2.57446686607175968E17
728.5                     2.55356615372185792E17
729                       2.53291569383422592E17
729.5                     2.51251063675336448E17
730                       2.4923462767310704E17
730.5                     2.47241804612159136E17
731                       2.45272150987611552E17
731.5                     2.43325236031724864E17
732                       2.41400641217505632E17
732.5                     2.39497959786896E17
733                       2.37616796301966336E17
733.5                     2.3575676621776048E17
734                       2.33917495475459392E17
734.5                     2.32098620114728832E17
735                       2.30299785904076384E17
735.5                     2.2852064798823296E17
736                       2.26760870551579456E17
736.5                     2.25020126496741792E17
737                       2.23298097137501504E17
737.5                     2.2159447190525856E17
738                       2.1990894806831648E17
738.5                     2.18241230463348096E17
739                       2.16591031238299328E17
739.5                     2.14958069606283744E17
740                       2.1334207160976112E17
740.5                     2.11742769894617984E17
741                       2.10159903493532E17
741.5                     2.0859321761824272E17
742                       2.0704246346023584E17
742.5                     2.0550739799949712E17
743                       2.03987783820877856E17
743.5                     2.02483388937764192E17
744                       2.00993986622684544E17
744.5                     1.99519355244532576E17
745                       1.98059278112099264E17
745.5                     1.96613543323656512E17
746                       1.95181943622284512E17
746.5                     1.9376427625669808E17
747                       1.9236034281784288E17
747.5                     1.90969949112897216E17
748                       1.89592905218817984E17
748.5                     1.88229025116798848E17
749                       1.86878126672514688E17
749.5                     1.85540031525387488E17
750                       1.84214564981971968E17
750.5                     1.8290155591325232E17
751                       1.81600836655706784E17
751.5                     1.80312242916045888E17
752                       1.79035613679453856E17
752.5                     1.77770791121209888E17
753                       1.76517620521611904E17
753.5                     1.75275950184052032E17
754                       1.74045631356176384E17
754.5                     1.72826518154031168E17
755                       1.71618467489100256E17
755.5                     1.70421338998163392E17
756                       1.69234994975924224E17
756.5                     1.68059300310278496E17
757                       1.66894122420255232E17
757.5                     1.65739331196483712E17
758                       1.6459479894420224E17
758.5                     1.634604003287288E17
759                       1.62336012323379552E17
759.5                     1.6122151415974928E17
760                       1.60116787280378368E17
760.5                     1.59021715293744704E17
761                       1.5793618393156512E17
761.5                     1.56860081008346112E17
762                       1.5579329638324016E17
762.5                     1.54735721924094144E17
763                       1.53687251473722624E17
763.5                     1.5264778081840128E17
764                       1.51617207658506368E17
764.5                     1.50595431581345344E17
765                       1.49582354036106688E17
765.5                     1.48577878310932544E17
766                       1.47581909512099808E17
766.5                     1.46594354545287168E17
767                       1.45615122098856032E17
767.5                     1.4464412262919264E17
768                       1.43681268348028016E17
768.5                     1.42726473211693184E17
769                       1.41779652912311904E17
769.5                     1.40840724870856544E17
770                       1.39909608232025296E17
770.5                     1.3898622386086832E17
771                       1.38070494341144352E17
771.5                     1.37162343947089264E17
772                       1.36261698707825216E17
772.5                     1.35368486395046976E17
773                       1.34482636482338528E17
773.5                     1.33604080176764288E17
774                       1.32732750425846864E17
774.5                     1.31868581925648896E17
775                       1.3101151112985168E17
775.5                     1.30161476259718944E17
776                       1.29318417314814032E17
776.5                     1.28482276084341872E17
777                       1.2765299615900104E17
777.5                     1.26830522943174832E17
778                       1.26014803667309328E17
778.5                     1.25205787400388432E17
779                       1.2440342506226776E17
779.5                     1.2360766943577584E17
780                       1.2281847517838184E17
780.5                     1.22035798833275888E17
781                       1.21259598839714832E17
781.5                     1.2048983554242608E17
782                       1.19726471199944208E17
782.5                     1.18969469991682736E17
783                       1.18218798023577168E17
783.5                     1.174744233321884E17
784                       1.16736315886986288E17
784.5                     1.16004447590786352E17
785                       1.15278787781856256E17
785.5                     1.14559263490577184E17
786                       1.13845930869561424E17
786.5                     1.13138749569462272E17
787                       1.1243769596156224E17
787.5                     1.11742755487139664E17
788                       1.11053913593796032E17
788.5                     1.10371155386787392E17
789                       1.09694471695504352E17
789.5                     1.09023852985697104E17
790                       1.08359289874084064E17
790.5                     1.07700778619304992E17
791                       1.07048314673128224E17
791.5                     1.0640189401040952E17
792                       1.05761517809376928E17
792.5                     1.05127186125299632E17
793                       1.04498900274833888E17
793.5                     1.0387666552149784E17
794                       1.0326048629220464E17
794.5                     1.02650368634603904E17
795                       1.02046321486080352E17
795.5                     1.01448353136869712E17
796                       1.0085647368843336E17
796.5                     1.00270695240840256E17
797                       9.9691029341987504E16
797.5                     9.9117489409838944E16
798                       9.8550090101380336E16
798.5                     9.7988845527012336E16
799                       9.7433771632238864E16
799.5                     9.6884884939174704E16
800                       9.634220134707984E16
800.5                     9.580573849894696E16
801                       9.5275514015746432E16
801.5                     9.4751544747511776E16
802                       9.4233849175656608E16
802.5                     9.3722443742007504E16
803                       9.3217254509699488E16
803.5                     9.271839859597632E16
804                       9.2225911085654048E16
804.5                     9.1739784827187184E16
805                       9.1260037584679744E16
805.5                     9.0786686438032144E16
806                       9.0319746838259968E16
806.5                     8.9859233133010496E16
807                       8.9405158778664656E16
807.5                     8.895753629528184E16
808                       8.8516377164998144E16
808.5                     8.8081690882823584E16
809                       8.7653486684055312E16
809.5                     8.7231773269736496E16
810                       8.6816557042305376E16
810.5                     8.6407842910368064E16
811                       8.600563420408344E16
811.5                     8.5609932593211408E16
812                       8.5220738008029024E16
812.5                     8.4838048563302384E16
813                       8.4461860485447808E16
813.5                     8.4092168043061488E16
814                       8.3728963480922528E16
814.5                     8.3372236785633168E16
815                       8.3021973706073632E16
815.5                     8.267816276751696E16
816                       8.2340787583246112E16
816.5                     8.2009829472238016E16
817                       8.1685267416082816E16
817.5                     8.136707802007584E16
818                       8.1055235478537632E16
818.5                     8.0749711544414656E16
819                       8.0450475503205248E16
819.5                     8.0157494151212032E16
820                       7.9870731778163376E16
820.5                     7.9590150154158992E16
821                       7.9315706038711792E16
821.5                     7.9047357519772048E16
822                       7.8785060392110144E16
822.5                     7.8528766363666336E16
823                       7.8278424621635728E16
823.5                     7.8033981844591392E16
824                       7.7795382218716368E16
824.5                     7.7562567458050672E16
825                       7.7335476828683088E16
825.5                     7.7114047176823264E16
826                       7.6898212960611632E16
826.5                     7.6687906285595696E16
827                       7.6483055930634608E16
827.5                     7.628358653412344E16
828                       7.6089428023405584E16
828.5                     7.5900503570323072E16
829                       7.5716734219204608E16
829.5                     7.5538038941498992E16
830                       7.5364334693207056E16
830.5                     7.519553647497168E16
831                       7.5031557394694704E16
831.5                     7.4872308732510352E16
832                       7.4717700007975312E16
832.5                     7.4567639049343904E16
833                       7.4422032064732048E16
833.5                     7.4280779252636032E16
834                       7.4143787630281504E16
834.5                     7.401096058998288E16
835                       7.3882198632483856E16
835.5                     7.3757401012842784E16
836                       7.3636465819774768E16
836.5                     7.3519290055862976E16
837                       7.3405769718488288E16
837.5                     7.329579988132576E16
838                       7.3189274776261648E16
838.5                     7.3086087875597696E16
839                       7.298613197439096E16
839.5                     7.2889297252915088E16
840                       7.2795473786838448E16
840.5                     7.2704557537892704E16
841                       7.2616439416267952E16
841.5                     7.2531010059221584E16
842                       7.2448159911587728E16
842.5                     7.236777930556136E16
843                       7.2289758539660944E16
843.5                     7.2213987956730304E16
844                       7.2140358020911632E16
844.5                     7.2068759393459504E16
845                       7.1999083007327536E16
845.5                     7.1931220140435024E16
846                       7.1865057492589824E16
846.5                     7.1800492594011464E16
847                       7.1737418896754328E16
847.5                     7.1675729735840912E16
848                       7.1615319131211784E16
848.5                     7.155608185166872E16
849                       7.1497913477023472E16
849.5                     7.144071045840112E16
850                       7.1384370176651648E16
850.5                     7.1328790998829768E16
851                       7.1273872332695848E16
851.5                     7.1219514679231264E16
852                       7.1165617439813272E16
852.5                     7.1112083631330272E16
853                       7.1058820370017728E16
853.5                     7.1005732970230984E16
854                       7.0952728069037856E16
854.5                     7.089971366656564E16
855                       7.0846599164248064E16
855.5                     7.079329540097392E16
856                       7.0739714687147104E16
856.5                     7.0685770836679512E16
857                       7.0631379196896808E16
857.5                     7.0576456676396584E16
858                       7.0520921734019848E16
858.5                     7.0464690916829752E16
859                       7.04076903870268E16
859.5                     7.0349843482960944E16
860                       7.0291075212746368E16
860.5                     7.0231312270515096E16
861                       7.0170483050798816E16
861.5                     7.0108517661077176E16
862                       7.0045347932534496E16
862.5                     6.9980907429053984E16
863                       6.9915131454505176E16
863.5                     6.9847957058367496E16
864                       6.9779323039712984E16
864.5                     6.970916846857528E16
865                       6.9637436522402288E16
865.5                     6.9564072449086848E16
866                       6.9489021999707424E16
866.5                     6.941223267278784E16
867                       6.9333653709684856E16
867.5                     6.9253236088684552E16
868                       6.9170932517861648E16
868.5                     6.9086697426750288E16
869                       6.900048695686628E16
869.5                     6.8912258951151256E16
870                       6.8821972942375464E16
870.5                     6.8729589933767672E16
871                       6.8635071941860568E16
871.5                     6.853838494530676E16
872                       6.843949505029952E16
872.5                     6.8338369982462872E16
873                       6.8234979070173192E16
873.5                     6.812929322718292E16
874                       6.8021284934592904E16
874.5                     6.7910928222221296E16
875                       6.7798198649413312E16
875.5                     6.7683073285345104E16
876                       6.756553068883988E16
876.5                     6.7445550887777968E16
877                       6.732311507312652E16
877.5                     6.7198206488399848E16
878                       6.707080955578212E16
878.5                     6.6940909924551656E16
879                       6.6808494606684528E16
879.5                     6.667355195450788E16
880                       6.6536071638188416E16
880.5                     6.6396044623075968E16
881                       6.625346314693636E16
881.5                     6.6108320697107824E16
882                       6.5960611987606416E16
882.5                     6.581033293620236E16
883                       6.5657480735590464E16
883.5                     6.5502053843806592E16
884                       6.53440513840252E16
884.5                     6.5183473827581672E16
885                       6.502032273713196E16
885.5                     6.4854600744058312E16
886                       6.468631152600052E16
886.5                     6.4515459784536416E16
887                       6.4342051223016472E16
887.5                     6.4166092524570008E16
888                       6.3987591330296776E16
888.5                     6.3806556217672888E16
889                       6.362299667913516E16
889.5                     6.343692387433116E16
890                       6.3248348369635528E16
890.5                     6.305728208513028E16
891                       6.2863737941039008E16
891.5                     6.2667729670474536E16
892                       6.2469271799438488E16
892.5                     6.2268379627079608E16
893                       6.2065069206226256E16
893.5                     6.1859357324173792E16
894                       6.1651261483748144E16
894.5                     6.1440799884644704E16
895                       6.1227991405011336E16
895.5                     6.1012856113970776E16
896                       6.0795414364943288E16
896.5                     6.057568607290812E16
897                       6.0353692635859984E16
897.5                     6.0129456043529312E16
898                       5.99029988605694E16
898.5                     5.9674344210007696E16
899                       5.9443515756952208E16
899.5                     5.9210537692559928E16
900                       5.8975434718260856E16
900.5                     5.8738232030231944E16
901                       5.8498955304113168E16
901.5                     5.8257630679969776E16
902                       5.801428621896056E16
902.5                     5.7768947306655992E16
903                       5.7521641304722032E16
903.5                     5.7272396056499408E16
904                       5.7021239798946872E16
904.5                     5.6768201148926328E16
905                       5.6513309089690288E16
905.5                     5.6256592957580776E16
906                       5.599808242892736E16
906.5                     5.5737807507141048E16
907                       5.5475799991237288E16
907.5                     5.52121087333564E16
908                       5.4946724742280288E16
908.5                     5.4679726793333136E16
909                       5.4411086920686128E16
909.5                     5.4140901720697184E16
910                       5.3869138052621616E16
910.5                     5.3595891616363976E16
911                       5.3321132472741E16
911.5                     5.3044953893089824E16
912                       5.2767329467484976E16
912.5                     5.2488349648728936E16
913                       5.2207991788290416E16
913.5                     5.1926343116380848E16
914                       5.1643385038940496E16
914.5                     5.1359201192545064E16
915                       5.107377731168736E16
915.5                     5.078719309011624E16
916                       5.049943884861492E16
916.5                     5.0210590007312648E16
917                       4.992064171505796E16
917.5                     4.962966480582776E16
918                       4.9337659481688976E16
918.5                     4.9044691696786384E16
919                       4.8750766914067752E16
919.5                     4.8455945933759416E16
920                       4.8160239668995992E16
920.5                     4.7863703512402248E16
921                       4.75663539973846E16
921.5                     4.7268240876449528E16
922                       4.696938645334232E16
922.5                     4.6669834629861144E16
923                       4.6369613609362032E16
923.5                     4.6068761254970112E16
924                       4.5767311777425568E16
924.5                     4.5465296836513392E16
925                       4.5162756735962624E16
925.5                     4.4859716791466128E16
926                       4.4556223462574408E16
926.5                     4.4252295604627768E16
927                       4.394798587249912E16
927.5                     4.3643306569929896E16
928                       4.333831656279576E16
928.5                     4.3033021537481392E16
929                       4.2727486562282016E16
929.5                     4.2421710666370912E16
930                       4.2115765087239632E16
930.5                     4.1809642183258136E16
931                       4.1503419302947008E16
931.5                     4.11970821468418E16
932                       4.089071409112632E16
932.5                     4.0584295341708616E16
933                       4.0277911823370544E16
933.5                     3.9971542988068816E16
934                       3.9665272140654256E16
934.5                     3.9359081980911664E16
935                       3.9053051739037152E16
935.5                     3.874716746043492E16
936                       3.844150416167712E16
936.5                     3.813605131222356E16
937                       3.7830879597266312E16
937.5                     3.752598196895476E16
938                       3.7221424685009424E16
938.5                     3.6917204218716752E16
939                       3.6613382326277912E16
939.5                     3.6309959020063128E16
940                       3.6006991503061908E16
940.5                     3.5704483323926312E16
941                       3.5402487103337556E16
941.5                     3.5101009902503128E16
942                       3.48000997534686E16
942.5                     3.4499767185236704E16
943                       3.420005565776076E16
943.5                     3.3900979102006848E16
944                       3.3602576445280728E16
944.5                     3.3304864933635216E16
945                       3.3007879024030644E16
945.5                     3.2711639169790776E16
946                       3.2416175442583716E16
946.5                     3.2121511374409144E16
947                       3.182767275925996E16
947.5                     3.1534686058680728E16
948                       3.1242572918921832E16
948.5                     3.0951362561701052E16
949                       3.0661072637450804E16
949.5                     3.0371734938825232E16
950                       3.0083363293970468E16
950.5                     2.9795991857799756E16
951                       2.9509630830853352E16
951.5                     2.922431650268376E16
952                       2.8940055661536964E16
952.5                     2.8656886485602616E16
953                       2.8374812586193096E16
953.5                     2.8093873766356788E16
954                       2.7814070715239124E16
954.5                     2.7535444579869808E16
955                       2.7257993400698628E16
955.5                     2.698175937148008E16
956                       2.670673913792004E16
956.5                     2.643297274004906E16
957                       2.6160458534474284E16
957.5                     2.5889233388861464E16
958                       2.56192973179487E16
958.5                     2.5350684084260388E16
959                       2.5083395268597048E16
959.5                     2.481746162196702E16
960                       2.4552886182195752E16
960.5                     2.4289696801016844E16
961                       2.4027897847767152E16
961.5                     2.3767514405225464E16
962                       2.3508552032792616E16
962.5                     2.3251033192095404E16
963                       2.2994964475810752E16
963.5                     2.2740365889060256E16
964                       2.2487244886303308E16
964.5                     2.2235619196950436E16
965                       2.198549695172988E16
965.5                     2.173689380055284E16
966                       2.148981835160164E16
966.5                     2.1244284386137036E16
967                       2.1000300778440144E16
967.5                     2.0757879665792768E16
968                       2.0517029965473796E16
968.5                     2.0277762408430616E16
969                       2.0040085720917752E16
969.5                     1.9804009477281892E16
970                       1.9569541968664028E16
970.5                     1.9336691873722484E16
971                       1.9105466795208096E16
971.5                     1.8875874787245584E16
972                       1.8647925027772244E16
972.5                     1.8421625916951432E16
973                       1.8196979230733416E16
973.5                     1.797399359415678E16
974                       1.7752672530857658E16
974.5                     1.753302334231873E16
975                       1.7315049990135864E16
975.5                     1.7098757407255284E16
976                       1.6884151319334306E16
976.5                     1.6671232814324254E16
977                       1.6460009861150878E16
977.5                     1.6250481329229082E16
978                       1.6042654571509532E16
978.5                     1.5836529469067688E16
979                       1.5632109769338372E16
979.5                     1.5429398571066386E16
980                       1.5228394160067104E16
980.5                     1.5029103717504004E16
981                       1.4831521409117332E16
981.5                     1.4635655101611052E16
982                       1.4441500240994294E16
982.5                     1.424906008450112E16
983                       1.405833454272303E16
983.5                     1.3869320108444382E16
984                       1.3682022639494592E16
984.5                     1.3496431944231676E16
985                       1.3312557650826638E16
985.5                     1.3130393993442144E16
986                       1.2949939040593632E16
986.5                     1.277119231464841E16
987                       1.259414566795344E16
987.5                     1.2418802272351592E16
988                       1.2245158666296434E16
988.5                     1.2073206272714002E16
989                       1.1902949395853118E16
989.5                     1.1734379938447552E16
990                       1.1567493986666776E16
990.5                     1.1402291862295602E16
991                       1.1238762840810654E16
991.5                     1.1076907295222446E16
992                       1.0916721670111524E16
992.5                     1.0758193086222738E16
993                       1.0601325606866158E16
993.5                     1.0446109986907188E16
994                       1.029253790263566E16
994.5                     1.0140610164769666E16
995                       9.990314179715394E15
995.5                     9.841647005018954E15
996                       9.694605035932214E15
996.5                     9.54917334294419E15
997                       9.405353596939066E15
997.5                     9.263136973617008E15
998                       9.12251026659244E15
998.5                     8.983476404088298E15
999                       8.84602455914344E15
999.5                     8.710142487423865E15
1000                      8.575827437603038E15
1000.5                    8.44307027410475E15
1001                      8.311857680134149E15
1001.5                    8.182187046395407E15
1002                      8.054049872967298E15
1002.5                    7.927433697791163E15
1003                      7.802331625878092E15
1003.5                    7.678737401092885E15
1004                      7.556639915857627E15
1004.5                    7.436026966851047E15
1005                      7.316895103160626E15
1005.5                    7.199233863595569E15
1006                      7.083028484368582E15
1006.5                    6.968275117581803E15
1007                      6.854964220559098E15
1007.5                    6.743082081417633E15
1008                      6.63262038617481E15
1008.5                    6.523572094723166E15
1009                      6.415925090386429E15
1009.5                    6.309665594599896E15
1010                      6.204789626190415E15
1010.5                    6.10128570469133E15
1011                      5.999138098033734E15
1011.5                    5.898341930312148E15
1012                      5.79888699707806E15
1012.5                    5.700758825603141E15
1013                      5.603947994338665E15
1013.5                    5.508447902455205E15
1014                      5.414246744651669E15
1014.5                    5.321329577848187E15
1015                      5.229687778179322E15
1015.5                    5.139311348101051E15
1016                      5.050188970687804E15
1016.5                    4.962308805264098E15
1017                      4.875657902109226E15
1017.5                    4.790228660992047E15
1018                      4.706009676713235E15
1018.5                    4.622989522080245E15
1019                      4.541154767421665E15
1019.5                    4.4604960883484775E15
1020                      4.381003487898268E15
1020.5                    4.302665468675517E15
1021                      4.2254701410211425E15
1021.5                    4.149404121915063E15
1022                      4.074459788231589E15
1022.5                    4.0006256178973085E15
1023                      3.9278900941406195E15
1023.5                    3.856239871809759E15
1024                      3.78566529725384E15
1024.5                    3.7161564734674915E15
1025                      3.6477019132765405E15
1025.5                    3.5802898981705175E15
1026                      3.5139068713938045E15
1026.5                    3.448545351476194E15
1027                      3.3841939202465655E15
1027.5                    3.320841189348991E15
1028                      3.258474130668695E15
1028.5                    3.1970829596405485E15
1029                      3.136658059012235E15
1029.5                    3.077188155159144E15
1030                      3.018661895167942E15
1030.5                    2.96106795449214E15
1031                      2.9043966745833665E15
1031.5                    2.84863667807173E15
1032                      2.7937771767328615E15
1032.5                    2.739807390531947E15
1033                      2.6867166044347025E15
1033.5                    2.6344941574866245E15
1034                      2.583128599937577E15
1034.5                    2.5326100904099375E15
1035                      2.4829286429664385E15
1035.5                    2.4340737987572265E15
1036                      2.3860351545781325E15
1036.5                    2.3388023643089595E15
1037                      2.2923651403421735E15
1037.5                    2.2467129529715078E15
1038                      2.2018351687275698E15
1038.5                    2.1577228301930355E15
1039                      2.114365887264645E15
1039.5                    2.0717543546702018E15
1040                      2.0298783131488375E15
1040.5                    1.9887279105848522E15
1041                      1.9482933630962792E15
1041.5                    1.9085640424172555E15
1042                      1.8695313346284108E15
1042.5                    1.8311859000779198E15
1043                      1.793518227173984E15
1043.5                    1.756518877226901E15
1044                      1.7201784852906445E15
1044.5                    1.684487760962419E15
1045                      1.6494370458876685E15
1045.5                    1.6150172053102192E15
1046                      1.5812199480026668E15
1046.5                    1.5480362780146295E15
1047                      1.515457277274169E15
1047.5                    1.4834741061608148E15
1048                      1.452078004040427E15
1048.5                    1.42126028976192E15
1049                      1.3910114368430652E15
1049.5                    1.3613251406187772E15
1050                      1.3321920778377395E15
1050.5                    1.3036035905167102E15
1051                      1.2755514447276058E15
1051.5                    1.2480274597843125E15
1052                      1.2210235455581738E15
1052.5                    1.1945316957816012E15
1053                      1.168543985961664E15
1053.5                    1.1430525727583588E15
1054                      1.1180496938550834E15
1054.5                    1.0935276679818242E15
1055                      1.069478894974553E15
1055.5                    1.0458958558296014E15
1056                      1.0227711127401001E15
1056.5                    1.0000973091094905E15
1057                      9.778671695408272E14
1057.5                    9.56073499802393E14
1058                      9.347091867693228E14
1058.5                    9.137671983417876E14
1059                      8.932405833409414E14
1059.5                    8.73122471381904E14
1060                      8.53406072725616E14
1060.5                    8.34084521558623E14
1061                      8.151513520824355E14
1061.5                    7.966000259968059E14
1062                      7.784240736654275E14
1062.5                    7.606171050543539E14
1063                      7.43172809464737E14
1063.5                    7.260849552476706E14
1064                      7.093473895015459E14
1064.5                    6.929540377522728E14
1065                      6.768989036170688E14
1065.5                    6.611760684521775E14
1066                      6.457796909851151E14
1066.5                    6.307040069319156E14
1067                      6.159433285996974E14
1067.5                    6.014920444752969E14
1068                      5.873446188003709E14
1068.5                    5.734955911331686E14
1069                      5.5993957589792694E14
1069.5                    5.466712619219101E14
1070                      5.336854119607956E14
1070.5                    5.20976862212737E14
1071                      5.085405758373125E14
1071.5                    4.9637174775354256E14
1072                      4.8446519668512475E14
1072.5                    4.728160246932417E14
1073                      4.614194153376239E14
1073.5                    4.5027063225928794E14
1074                      4.3936501175144244E14
1074.5                    4.286979601212017E14
1075                      4.182649524860924E14
1075.5                    4.0806153200630094E14
1076                      3.9808330924585394E14
1076.5                    3.883259615689524E14
1077                      3.787852325428876E14
1077.5                    3.6945681896467044E14
1078                      3.603366655252072E14
1078.5                    3.514207396182065E14
1079                      3.427050443424708E14
1079.5                    3.3418564594628244E14
1080                      3.258586732076999E14
1080.5                    3.177203168112182E14
1081                      3.097668287212166E14
1081.5                    3.0199452155251344E14
1082                      2.9439976793822E14
1082.5                    2.8697899989534894E14
1083                      2.7972870818838625E14
1083.5                    2.72645441691047E14
1084                      2.657258067466261E14
1084.5                    2.589664543533506E14
1085                      2.5236401548183938E14
1085.5                    2.4591535535159034E14
1086                      2.3961730439449684E14
1086.5                    2.3346674728437994E14
1087                      2.2746062229410228E14
1087.5                    2.2159592065292034E14
1088                      2.1586968590443578E14
1088.5                    2.1027901326523197E14
1089                      2.0482104898452553E14
1089.5                    1.994929897049786E14
1090                      1.9429208182487803E14
1090.5                    1.892156208618861E14
1091                      1.8426095081858562E14
1091.5                    1.7942546354995266E14
1092                      1.7470656197870412E14
1092.5                    1.7010171555799838E14
1093                      1.6560850085834053E14
1093.5                    1.6122449536363822E14
1094                      1.569473212681063E14
1094.5                    1.5277464485922462E14
1095                      1.487041759037742E14
1095.5                    1.4473373835276272E14
1096                      1.4086115049563703E14
1096.5                    1.3708418050535227E14
1097                      1.3340061646895208E14
1097.5                    1.2980839235952892E14
1098                      1.2630551678260166E14
1098.5                    1.2288999464181814E14
1099                      1.1955986914440333E14
1099.5                    1.1631318219275105E14
1100                      1.131479768545581E14
