300                       8.546996134302191E15
300.5                     8.839222641155838E15
301                       9.150433607396196E15
301.5                     9.481213074584594E15
302                       9.832155286653694E15
302.5                     1.0203864779376524E16
303                       1.0647545205946778E16
303.5                     1.1193942263722024E16
304                       1.178605911280449E16
304.5                     1.2425336504658832E16
305                       1.3113240134279852E16
305.5                     1.3851260853114646E16
306                       1.4597807415945474E16
306.5                     1.5374155917652688E16
307                       1.618750192290693E16
307.5                     1.7038819144116764E16
308                       1.792909652779792E16
308.5                     1.8868738551384516E16
309                       1.9855230043110192E16
309.5                     2.0888107698290128E16
310                       2.1968573398783712E16
310.5                     2.3097847476720752E16
311                       2.4287885836362428E16
311.5                     2.5536481687720456E16
312                       2.6842828008514948E16
312.5                     2.8208396186766216E16
313                       2.9634679759906284E16
313.5                     3.1135707415416096E16
314                       3.2709681736615224E16
314.5                     3.4355261523597136E16
315                       3.6074240855561664E16
315.5                     3.7868440297037656E16
316                       3.975421988712412E16
316.5                     4.173047048527236E16
317                       4.3795141703100696E16
317.5                     4.595041218485616E16
318                       4.8198492118060568E16
318.5                     5.0558317371832336E16
319                       5.3029830263893256E16
319.5                     5.5610065180535552E16
320                       5.830165647141764E16
320.5                     6.1107275894063512E16
321                       6.4048641574193432E16
321.5                     6.7127202437489088E16
322                       7.033884658896624E16
322.5                     7.3686744667420288E16
323                       7.7174111468138688E16
323.5                     8.082556390233128E16
324                       8.4644603304797632E16
324.5                     8.8625737873475792E16
325                       9.27727637282508E16
325.5                     9.7089528833090368E16
326                       1.01603502017739776E17
326.5                     1.06320846963601024E17
327                       1.11234501433182112E17
327.5                     1.16348982336136304E17
328                       1.21668867062153312E17
328.5                     1.2723188069468176E17
329                       1.3304889049989816E17
329.5                     1.39107106126106864E17
330                       1.45412017045654432E17
330.5                     1.51969185063240448E17
331                       1.58784244743256736E17
331.5                     1.65862903835648096E17
332                       1.73210943700275808E17
332.5                     1.8083421972976448E17
333                       1.8873866177080736E17
333.5                     1.97013082889203136E17
334                       2.05676403120692032E17
334.5                     2.14672416581468128E17
335                       2.24008319855526912E17
335.5                     2.33691399906898368E17
336                       2.43729034576204256E17
336.5                     2.54128693075260352E17
337                       2.64897936479687872E17
337.5                     2.76044418219525504E17
338                       2.87575884567809472E17
338.5                     2.9959020019884928E17
339                       3.121310220064144E17
339.5                     3.2512109560786483E17
340                       3.3856968462716685E17
340.5                     3.5248616375501395E17
341                       3.6688001931617581E17
341.5                     3.8176084983432006E17
342                       3.9713836659430016E17
342.5                     4.1302239420186848E17
343                       4.2942287114081056E17
343.5                     4.4641552140581658E17
344                       4.640566866337001E17
344.5                     4.82278286859768E17
345                       5.0109164056502176E17
345.5                     5.2050819515525107E17
346                       5.4053952756910042E17
346.5                     5.6119734488311085E17
347                       5.8249348491372544E17
347.5                     6.0443991681622246E17
348                       6.2704874168056051E17
348.5                     6.5036068070142438E17
349                       6.744195428265865E17
349.5                     6.9919467447756275E17
350                       7.2469915869038861E17
350.5                     7.5094621916684198E17
351                       7.7794922088100301E17
351.5                     8.0572167068244557E17
352                       8.3427721789603354E17
352.5                     8.636296549183104E17
353                       8.9379291781045606E17
353.5                     9.2476169562871872E17
354                       9.5651821548938035E17
354.5                     9.8911472453292582E17
355                       1.02256538762867661E18
355.5                     1.05688451182548608E18
356                       1.09208654690256538E18
356.5                     1.12818608591686387E18
357                       1.16519786574697882E18
357.5                     1.20313676763359462E18
358                       1.2419547139113792E18
358.5                     1.28151566586212608E18
359                       1.32199139631922432E18
359.5                     1.36339589059991501E18
360                       1.40574326305596467E18
360.5                     1.44904775751100288E18
361                       1.49332374769471744E18
361.5                     1.53858573767392179E18
362                       1.58468801739374387E18
362.5                     1.63151869443462733E18
363                       1.67927887467589069E18
363.5                     1.72798105431781427E18
364                       1.77763783196726938E18
364.5                     1.82826190891946317E18
365                       1.87986608943719424E18
365.5                     1.9321577754521175E18
366                       1.98522075328983782E18
366.5                     2.03917473065008179E18
367                       2.09402975566132173E18
367.5                     2.1497959440110633E18
368                       2.20648347905772672E18
368.5                     2.26373822839114598E18
369                       2.3217552838438344E18
369.5                     2.3805881311291218E18
370                       2.4402438906825999E18
370.5                     2.5007297131975404E18
371                       2.5617918168024095E18
371.5                     2.6234920780308352E18
372                       2.6859127952443116E18
372.5                     2.7490580595624074E18
373                       2.8128958043936102E18
373.5                     2.8771740839468406E18
374                       2.942070994578134E18
374.5                     3.0075877449675177E18
375                       3.0737250557177354E18
375.5                     3.1402315526911662E18
376                       3.2072576900649324E18
376.5                     3.2748020322784364E18
377                       3.342816062296362E18
377.5                     3.4111685510145454E18
378                       3.4799456498428314E18
378.5                     3.5491435413590349E18
379                       3.6186187276541865E18
379.5                     3.6884257759702339E18
380                       3.758566810969922E18
380.5                     3.8289626413587241E18
381                       3.899574764390657E18
381.5                     3.9704346098095104E18
382                       4.0414837329747333E18
382.5                     4.1126853367617884E18
383                       4.1840578668389581E18
383.5                     4.2555467506722688E18
384                       4.3271137702726472E18
384.5                     4.3987743163315891E18
385                       4.4704691076391316E18
385.5                     4.5421949480073206E18
386                       4.6139410426541722E18
386.5                     4.6856449890462054E18
387                       4.7573179223117507E18
387.5                     4.8289266844990136E18
388                       4.900452172880641E18
388.5                     4.9718805097642107E18
389                       5.0431726107799368E18
389.5                     5.1143248923680195E18
390                       5.1853090502843904E18
390.5                     5.2561145401656392E18
391                       5.3267165459857224E18
391.5                     5.3970998475409961E18
392                       5.4672454671095132E18
392.5                     5.5371351492395284E18
393                       5.6067509959240817E18
393.5                     5.6760723513115576E18
394                       5.7450859769867254E18
394.5                     5.8137774524234066E18
395                       5.8821302388277852E18
395.5                     5.9501296863455314E18
396                       6.0177600815884012E18
396.5                     6.0850075456009492E18
397                       6.1518568040161618E18
397.5                     6.2182945822912471E18
398                       6.284306203199359E18
398.5                     6.3498788306201999E18
399                       6.414996454306688E18
399.5                     6.4796448152484598E18
400                       6.5438155034424033E18
400.5                     6.6074915687061289E18
401                       6.6706687285859E18
401.5                     6.7333264812521585E18
402                       6.7954604041402204E18
402.5                     6.8570534452004946E18
403                       6.9180975209285878E18
403.5                     6.9785807032463299E18
404                       7.038489530476629E18
404.5                     7.0978190496598743E18
405                       7.1565502069010176E18
405.5                     7.2146819599484508E18
406                       7.2721948558237829E18
406.5                     7.3290855727430871E18
407                       7.3853397164718356E18
407.5                     7.44094858843507E18
408                       7.4959047514703442E18
408.5                     7.5501921553566894E18
409                       7.6038094872090522E18
409.5                     7.6567385768698102E18
410                       7.708975458266539E18
410.5                     7.7605116653708104E18
411                       7.8113343018229371E18
411.5                     7.8614410591354276E18
412                       7.910818520560427E18
412.5                     7.9594579037744783E18
413                       8.007357775958528E18
413.5                     8.0545014563024251E18
414                       8.100885761442302E18
414.5                     8.1465029164059914E18
415                       8.1913409523848397E18
415.5                     8.2353990006126428E18
416                       8.2786641638901903E18
416.5                     8.3211290747192422E18
417                       8.3627935651505889E18
417.5                     8.4036418933126277E18
418                       8.4436726676098642E18
418.5                     8.4828791555454095E18
419                       8.5212507126006764E18
419.5                     8.5587885589732413E18
420                       8.5954805902599117E18
420.5                     8.6313213532641423E18
421                       8.6663124075147172E18
421.5                     8.700439222327124E18
422                       8.7337026866375168E18
422.5                     8.7660974336944527E18
423                       8.7976145063648102E18
423.5                     8.8282577294932439E18
424                       8.858016068535125E18
424.5                     8.886886460540375E18
425                       8.9148726604133734E18
425.5                     8.9419616856671468E18
426                       8.9681572635610337E18
426.5                     8.9934557708198359E18
427                       9.0178503646677146E18
427.5                     9.0413480706496778E18
428                       9.0639392223384689E18
428.5                     9.0856236875646874E18
429                       9.1064078869487923E18
429.5                     9.1262807601229537E18
430                       9.1452494376964475E18
430.5                     9.1633123931918295E18
431                       9.1804653406683709E18
431.5                     9.1967190463406848E18
432                       9.2120654940449106E18
432.5                     9.226507993054294E18
433                       9.240055983942515E18
433.5                     9.252700709658583E18
434                       9.264453153640538E18
434.5                     9.275314150424297E18
435                       9.285282364460196E18
435.5                     9.294372660001411E18
436                       9.30257890460061E18
436.5                     9.309908229596283E18
437                       9.316373236567712E18
437.5                     9.321967813592463E18
438                       9.32670700990798E18
438.5                     9.330594136659298E18
439                       9.33363107727441E18
439.5                     9.335836840553054E18
440                       9.337207329497123E18
440.5                     9.33775363618604E18
441                       9.337491366052469E18
441.5                     9.336417294930948E18
442                       9.334550395354851E18
442.5                     9.33189637278391E18
443                       9.328460391597187E18
443.5                     9.324265227145968E18
444                       9.31930886038834E18
444.5                     9.31360613394827E18
445                       9.307175147867914E18
445.5                     9.300015645065726E18
446                       9.292149931871263E18
446.5                     9.283585800953065E18
447                       9.274331481469114E18
447.5                     9.26441264240816E18
448                       9.253829259668253E18
448.5                     9.24259929051759E18
449                       9.230742464284613E18
449.5                     9.2182613513978788E18
450                       9.2051805200241142E18
450.5                     9.191509324631595E18
451                       9.1772585229810606E18
451.5                     9.1624553137539092E18
452                       9.1471014598984305E18
452.5                     9.1312169549545359E18
453                       9.1148219996448614E18
453.5                     9.0979216033104579E18
454                       9.0805410933610322E18
454.5                     9.0626906918789816E18
455                       9.0443828395317381E18
455.5                     9.0256445182982185E18
456                       9.0064789671687342E18
456.5                     8.9869067689951058E18
457                       8.9669472860569682E18
457.5                     8.9466073422642504E18
458                       8.9259112532239084E18
458.5                     8.9048693397996698E18
459                       8.8834946515043287E18
459.5                     8.8618120507126692E18
460                       8.8398258801707551E18
460.5                     8.8175556766681702E18
461                       8.7950187076040366E18
461.5                     8.7722228193022044E18
462                       8.7491895426415206E18
462.5                     8.7259285781801902E18
463                       8.7024524343635036E18
463.5                     8.6787821102168975E18
464                       8.6549226718330061E18
464.5                     8.6308910527297751E18
465                       8.606701447989887E18
465.5                     8.5823618836545096E18
466                       8.5578896491732705E18
466.5                     8.5332932778488074E18
467                       8.5085837064731628E18
467.5                     8.483776813176277E18
468                       8.4588780484315976E18
468.5                     8.4339005509110036E18
469                       8.408854921788843E18
469.5                     8.3837486130457446E18
470                       8.3585938074128773E18
470.5                     8.3333975768752445E18
471                       8.308168557259305E18
471.5                     8.2829169657543516E18
472                       8.2576483715313623E18
472.5                     8.2323715079850865E18
473                       8.2070933818853888E18
473.5                     8.1818203263803628E18
474                       8.1565592797074596E18
474.5                     8.1313158242798817E18
475                       8.1060959757209108E18
475.5                     8.0809045211481539E18
476                       8.0557469647340452E18
476.5                     8.0306276749323192E18
477                       8.0055505191135754E18
477.5                     7.9805204402675415E18
478                       7.9555396757750518E18
478.5                     7.930612504534741E18
479                       7.9057424171840522E18
479.5                     7.8809296406192312E18
480                       7.8561795033335931E18
480.5                     7.831492611891796E18
481                       7.8068704455108628E18
481.5                     7.7823165559236526E18
482                       7.7578295121582602E18
482.5                     7.7334126037970227E18
483                       7.7090671550657219E18
483.5                     7.6847902890300908E18
484                       7.6605869098078638E18
484.5                     7.6364549009070234E18
485                       7.6123942167556321E18
485.5                     7.5884072316723384E18
486                       7.5644901167890268E18
486.5                     7.5406455299150111E18
487                       7.5168732159640566E18
487.5                     7.4931686869505956E18
488                       7.4695363083221514E18
488.5                     7.4459724048069018E18
489                       7.422476232288937E18
489.5                     7.3990493388779663E18
490                       7.3756867830938225E18
490.5                     7.3523909316571197E18
491                       7.3291606507930429E18
491.5                     7.3059911327276554E18
492                       7.2828862483340339E18
492.5                     7.2598418678490696E18
493                       7.2368572496913551E18
493.5                     7.2139335309455421E18
494                       7.191065808476244E18
494.5                     7.1682564510511995E18
495                       7.1455041505926492E18
495.5                     7.1228048006406871E18
496                       7.1001619239887421E18
496.5                     7.0775718885528658E18
497                       7.0550344993340129E18
497.5                     7.0325509061056737E18
498                       7.0101171882516961E18
498.5                     6.9877359537534106E18
499                       6.9654063628617605E18
499.5                     6.9431257490812754E18
500                       6.9208974982745713E18
500.5                     6.8987192365730601E18
501                       6.8765917065607649E18
501.5                     6.8545164668114248E18
502                       6.8324912981665475E18
502.5                     6.8105192321304494E18
503                       6.7886004432712018E18
503.5                     6.7667341882800384E18
504                       6.7449239584270397E18
504.5                     6.7231692018086922E18
505                       6.7014718551056968E18
505.5                     6.6798342314901617E18
506                       6.6582563136319969E18
506.5                     6.6367416937593283E18
507                       6.6152919915665879E18
507.5                     6.5939086505742858E18
508                       6.5725955121820221E18
508.5                     6.5513542182640568E18
509                       6.5301880392700078E18
509.5                     6.509100320773461E18
510                       6.4880935365035377E18
510.5                     6.4671719323167457E18
511                       6.4463388718576794E18
511.5                     6.4255980545762294E18
512                       6.4049538922213048E18
512.5                     6.3844103966014536E18
513                       6.3639722026570609E18
513.5                     6.3436438773783173E18
514                       6.3234304550434714E18
514.5                     6.3033368809507174E18
515                       6.2833684024442655E18
515.5                     6.2635308540049193E18
516                       6.2438293843740948E18
516.5                     6.2242703317937306E18
517                       6.2048596122654218E18
517.5                     6.1856030840795935E18
518                       6.1665081582840105E18
518.5                     6.1475804695809556E18
519                       6.1288270845613599E18
519.5                     6.1102556447311309E18
520                       6.0918721138966006E18
520.5                     6.0736848453585377E18
521                       6.0557008219930368E18
521.5                     6.0379271012099963E18
522                       6.0203729760435804E18
522.5                     6.0030446919834788E18
523                       5.9859508024432783E18
523.5                     5.9691001901343078E18
524                       5.9524995814524488E18
524.5                     5.9361587003901092E18
525                       5.9200852313260595E18
525.5                     5.9042871244609044E18
526                       5.8887746821304719E18
526.5                     5.873554601551105E18
527                       5.8586362519499745E18
527.5                     5.8440289288783299E18
528                       5.8297398940508774E18
528.5                     5.8157792068378317E18
529                       5.8021547268052634E18
529.5                     5.7888747292414188E18
530                       5.7759492336992993E18
530.5                     5.7633851461873797E18
531                       5.7511915943132539E18
531.5                     5.7393772079593349E18
532                       5.7279493489540086E18
532.5                     5.7169169783644948E18
533                       5.7062874641323684E18
533.5                     5.6960685618031493E18
534                       5.6862683328818678E18
534.5                     5.6768935785475656E18
535                       5.6679517622862254E18
535.5                     5.6594496036230676E18
536                       5.6513939210004152E18
536.5                     5.6437908414295306E18
537                       5.6366465012749548E18
537.5                     5.6299670637378918E18
538                       5.6237567395096934E18
538.5                     5.6180218745692027E18
539                       5.6127666184385014E18
539.5                     5.6079945428805192E18
540                       5.60371112619998E18
540.5                     5.5999178589483284E18
541                       5.5966189480764744E18
541.5                     5.5938178023556823E18
542                       5.5915129824767498E18
542.5                     5.5897100421001257E18
543                       5.5884082103539046E18
543.5                     5.5876069230877553E18
544                       5.5873094885229701E18
544.5                     5.5875112487553331E18
545                       5.588213965159935E18
545.5                     5.5894172602445466E18
546                       5.5911127450919936E18
546.5                     5.5933049098516685E18
547                       5.5959868629289841E18
547.5                     5.5991534122503424E18
548                       5.6028050026494228E18
548.5                     5.6069300025671547E18
549                       5.6115275160519823E18
549.5                     5.6165927325050716E18
550                       5.6221099060571013E18
550.5                     5.6280822986443182E18
551                       5.6344964665425654E18
551.5                     5.6413427687319634E18
552                       5.6486184121519084E18
552.5                     5.6563049769484012E18
553                       5.6643990723481108E18
553.5                     5.6728913042727639E18
554                       5.6817596609510625E18
554.5                     5.6910058013067428E18
555                       5.7006104461421681E18
555.5                     5.7105604108593746E18
556                       5.7208497613931366E18
556.5                     5.7314546541110313E18
557                       5.7423697444605379E18
557.5                     5.7535816161404324E18
558                       5.7650644427629312E18
558.5                     5.7768179201543547E18
559                       5.7888188363942892E18
559.5                     5.8010520269724068E18
560                       5.8135090767727739E18
560.5                     5.8261632438961091E18
561                       5.8390080933169613E18
561.5                     5.8520276944792822E18
562                       5.8651954827242117E18
562.5                     5.8785094477071483E18
563                       5.8919452542611558E18
563.5                     5.9054877959003433E18
564                       5.9191274024633119E18
564.5                     5.9328378899966495E18
565                       5.9466062903583201E18
565.5                     5.9604094500271053E18
566                       5.9742571643150889E18
566.5                     5.9881276130960445E18
567                       6.001979642041726E18
567.5                     6.0158419098877379E18
568                       6.0296775266655252E18
568.5                     6.0434598513950986E18
569                       6.0572107684177039E18
569.5                     6.0708859617249116E18
570                       6.0844814921550561E18
570.5                     6.0980090336662467E18
571                       6.1114185926531983E18
571.5                     6.1247245252183634E18
572                       6.1379273132863846E18
572.5                     6.1509835100304343E18
573                       6.1639126890253834E18
573.5                     6.1767064847400909E18
574                       6.1893385563382661E18
574.5                     6.2018212754523044E18
575                       6.2141446661859021E18
575.5                     6.2262959291626793E18
576                       6.238281037589932E18
576.5                     6.2500919712610816E18
577                       6.2617244778872351E18
577.5                     6.2731796707639726E18
578                       6.2844551853045504E18
578.5                     6.2955493540313364E18
579                       6.3064605543782738E18
579.5                     6.3171954871061914E18
580                       6.3277487892335237E18
580.5                     6.3381205411753779E18
581                       6.3483232368561213E18
581.5                     6.3583479323736136E18
582                       6.3681992148588698E18
582.5                     6.3778898959747441E18
583                       6.3874098781716787E18
583.5                     6.39676946792499E18
584                       6.4059773684842435E18
584.5                     6.4150242522637036E18
585                       6.4239264113395313E18
585.5                     6.4326852953481001E18
586                       6.4412939610993684E18
586.5                     6.4497735432541737E18
587                       6.4581170659512228E18
587.5                     6.4663217548641126E18
588                       6.4744084505761966E18
588.5                     6.4823655017650207E18
589                       6.4901949889196913E18
589.5                     6.4979089051397427E18
590                       6.5054992815168195E18
590.5                     6.5129684276469258E18
591                       6.5203204377387203E18
591.5                     6.5275511841994312E18
592                       6.5346600792603843E18
592.5                     6.541646393770498E18
593                       6.5485091064096932E18
593.5                     6.5552409430063391E18
594                       6.5618412651947284E18
594.5                     6.5683105619381012E18
595                       6.5746308568524626E18
595.5                     6.5808077685041654E18
596                       6.5868384617822167E18
596.5                     6.5926981711079987E18
597                       6.5983977341871227E18
597.5                     6.6039274486675804E18
598                       6.6092630199845079E18
598.5                     6.6144164463988142E18
599                       6.6193695017741363E18
599.5                     6.624103562419586E18
600                       6.6286296900742676E18
600.5                     6.6329193337376676E18
601                       6.6369642543352812E18
601.5                     6.6407724921392241E18
602                       6.6443041394701578E18
602.5                     6.6475650514319739E18
603                       6.6505577564510198E18
603.5                     6.6532327754408172E18
604                       6.6556104525998838E18
604.5                     6.6576809922379899E18
605                       6.6594041369791201E18
605.5                     6.6607974719854653E18
606                       6.6618437776455281E18
606.5                     6.662514022619649E18
607                       6.6628219306944522E18
607.5                     6.6627428668492421E18
608                       6.66226012269261E18
608.5                     6.6613828197751347E18
609                       6.6600791512587336E18
609.5                     6.6583451226112983E18
610                       6.6561848289546353E18
610.5                     6.6535596376296796E18
611                       6.6504782006564147E18
611.5                     6.6469367371076291E18
612                       6.6428981257110876E18
612.5                     6.6383753791232092E18
613                       6.6333570895102403E18
613.5                     6.6278150909891103E18
614                       6.621759242414036E18
614.5                     6.6151729983374275E18
615                       6.6080372566375875E18
615.5                     6.6003584836801413E18
616                       6.592115158996482E18
616.5                     6.5832972371352074E18
617                       6.5739076223705518E18
617.5                     6.5639200898684211E18
618                       6.5533334993104783E18
618.5                     6.5421470946400727E18
619                       6.5303303832414269E18
619.5                     6.5178907562874173E18
620                       6.5048206000424622E18
620.5                     6.4910954070683525E18
621                       6.4767208130468506E18
621.5                     6.4616857993421957E18
622                       6.4459724360747377E18
622.5                     6.4295838282879232E18
623                       6.4125062909314478E18
623.5                     6.3947281632834335E18
624                       6.3762499404236769E18
624.5                     6.3570561161409034E18
625                       6.3371405436412723E18
625.5                     6.3165012125128479E18
626                       6.2951219901872957E18
626.5                     6.2730009359109243E18
627                       6.2501334131731282E18
627.5                     6.2265056341234237E18
628                       6.2021165258513091E18
628.5                     6.1769597989356042E18
629                       6.1510263844917012E18
629.5                     6.1243130264987996E18
630                       6.0968141514345933E18
630.5                     6.0685240815880653E18
631                       6.0394376581483254E18
631.5                     6.0095518318971116E18
632                       5.9788622402735299E18
632.5                     5.9473624121477202E18
633                       5.9150541690849147E18
633.5                     5.8819315061118331E18
634                       5.8479876003953889E18
634.5                     5.8132321071920241E18
635                       5.777653395586178E18
635.5                     5.7412481331996713E18
636                       5.7040301333527634E18
636.5                     5.6659843129550326E18
637                       5.6271131755745167E18
637.5                     5.5874304718543821E18
638                       5.5469198280454758E18
638.5                     5.505592287926146E18
639                       5.4634575223125094E18
639.5                     5.4204991886832701E18
640                       5.3767407433445929E18
640.5                     5.3321825066243144E18
641                       5.2868100281274102E18
641.5                     5.2406638508356045E18
642                       5.1937282740522936E18
642.5                     5.1459950188750766E18
643                       5.0975218269129441E18
643.5                     5.0482741949319209E18
644                       4.9982606510407752E18
644.5                     4.9475346953731205E18
645                       4.8960610509456333E18
645.5                     4.8438642774044426E18
646                       4.790987105480105E18
646.5                     4.7373958034861199E18
647                       4.6831364411085281E18
647.5                     4.6282329297166223E18
648                       4.5726560913656499E18
648.5                     4.5164797784893788E18
649                       4.4596994695489403E18
649.5                     4.402294275344746E18
650                       4.344372840475286E18
650.5                     4.2858910619117256E18
651                       4.226852378037612E18
651.5                     4.1673731517775775E18
652                       4.1073918415116795E18
652.5                     4.0469413763364613E18
653                       3.9861192372173834E18
653.5                     3.92486737643597E18
654                       3.8632486999526052E18
654.5                     3.8013313085602135E18
655                       3.7390648596808028E18
655.5                     3.6765487799027794E18
656                       3.6138102745387791E18
656.5                     3.5508115108718367E18
657                       3.4876949163960069E18
657.5                     3.4244347159113344E18
658                       3.3610120771081856E18
658.5                     3.2976146661142922E18
659                       3.2341554621545047E18
659.5                     3.1706651890604278E18
660                       3.1073025935264323E18
660.5                     3.0439874234949171E18
661                       2.9807835617186033E18
661.5                     2.9178100693623798E18
662                       2.854998378914261E18
662.5                     2.7924491474989809E18
663                       2.7302318714596797E18
663.5                     2.6682945050789304E18
664                       2.6067763742136463E18
664.5                     2.5456894573327155E18
665                       2.485002559430103E18
665.5                     2.4248931774803569E18
666                       2.36531093895503E18
666.5                     2.3062607011093417E18
667                       2.24791887838837683E18
667.5                     2.19020799977489331E18
668                       2.13317153548284826E18
668.5                     2.07693931683555021E18
669                       2.02145024804777984E18
669.5                     1.966770039849248E18
670                       1.91297992894563123E18
670.5                     1.86003778761636096E18
671                       1.80802515481149901E18
671.5                     1.75697775435936282E18
672                       1.70687308675074586E18
672.5                     1.65779863502208742E18
673                       1.60975364910083328E18
673.5                     1.56273350793611418E18
674                       1.51681828704604083E18
674.5                     1.47198622660836608E18
675                       1.42825086216305101E18
675.5                     1.38565407239244442E18
676                       1.34418921165246771E18
676.5                     1.30386695335723981E18
677                       1.26469879578376038E18
677.5                     1.22669392641761843E18
678                       1.18984686783833395E18
678.5                     1.15415502244188339E18
679                       1.11963849825792922E18
679.5                     1.08626202559494976E18
680                       1.05402961089997491E18
680.5                     1.02296506244353395E18
681                       9.9298941954825062E17
681.5                     9.641368030823392E17
682                       9.3642004495544294E17
682.5                     9.097207240392137E17
683                       8.8411020221063693E17
683.5                     8.5956719767016832E17
684                       8.3598008362793114E17
684.5                     8.1342324323742349E17
685                       7.918415920356375E17
685.5                     7.711496648321792E17
686                       7.5141699960773005E17
686.5                     7.3254812133775744E17
687                       7.1450132857542054E17
687.5                     6.9733347223386522E17
688                       6.8090511289787187E17
688.5                     6.6523218973717683E17
689                       6.5035197263709555E17
689.5                     6.3608099232843136E17
690                       6.2250146350920525E17
690.5                     6.0960606601297421E17
691                       5.972304018333463E17
691.5                     5.854659189251424E17
692                       5.7427039053540736E17
692.5                     5.6352722573386598E17
693                       5.5331148765073037E17
693.5                     5.4355515529484256E17
694                       5.3419239954584211E17
694.5                     5.252790812113705E17
695                       5.1672552467045331E17
695.5                     5.0851502992698202E17
696                       5.006833770006599E17
696.5                     4.9312474709955546E17
697                       4.8586613282685171E17
697.5                     4.7892179353079168E17
698                       4.721829143081072E17
698.5                     4.6570508954792269E17
699                       4.5947471780844986E17
699.5                     4.5341893144262835E17
700                       4.4757961295406566E17
700.5                     4.4193298018286144E17
701                       4.3643685349914662E17
701.5                     4.3112052157611712E17
702                       4.2595346262490432E17
702.5                     4.2091808845960627E17
703                       4.1603288997582842E17
703.5                     4.1126356895693376E17
704                       4.0661107230870963E17
704.5                     4.0208517587228678E17
705                       3.9765008673615968E17
705.5                     3.9331991042448909E17
706                       3.8909521302665024E17
706.5                     3.8494787748896576E17
707                       3.8089321000374797E17
707.5                     3.7692607219782976E17
708                       3.7302937844959258E17
708.5                     3.6921397164771206E17
709                       3.6547227151820998E17
709.5                     3.6179552768908051E17
710                       3.5819103724327885E17
710.5                     3.5464947293356499E17
711                       3.5116838079802342E17
711.5                     3.47752264318584E17
712                       3.4439047931033683E17
712.5                     3.4108541456174963E17
713                       3.3783935071821965E17
713.5                     3.3464057725130003E17
714                       3.314953312377479E17
714.5                     3.2840259787446022E17
715                       3.253541933698247E17
715.5                     3.2235508462341043E17
716                       3.1940292035815181E17
716.5                     3.1649256748733837E17
717                       3.1362782943136576E17
717.5                     3.1080517620064678E17
718                       3.0802216199826605E17
718.5                     3.0528152459709728E17
719                       3.0257867353706406E17
719.5                     2.9991357420873613E17
720                       2.9728797491811744E17
720.5                     2.9469632443356301E17
721                       2.9214077685473984E17
721.5                     2.8962180770638067E17
722                       2.87134033268988256E17
722.5                     2.8468056680785216E17
723                       2.82260562442944704E17
723.5                     2.79870238698944288E17
724                       2.775121456879224E17
724.5                     2.75184668517184064E17
725                       2.72885554894677664E17
725.5                     2.70616786827479808E17
726                       2.68376027248565504E17
726.5                     2.66162480401917312E17
727                       2.6397756236665152E17
727.5                     2.61818257904753088E17
728                       2.5968515633332464E17
728.5                     2.57579115260894784E17
729                       2.55496482455582016E17
729.5                     2.53439162829986112E17
730                       2.51407031191096576E17
730.5                     2.4939714340820912E17
731                       2.47411346411920416E17
731.5                     2.45448909945980416E17
732                       2.43507848718524992E17
732.5                     2.41589672747157376E17
733                       2.39693149742677088E17
733.5                     2.37817239104241696E17
734                       2.35963100495321856E17
734.5                     2.34129016924852E17
735                       2.32314873975534112E17
735.5                     2.30521472684755072E17
736                       2.28746628944371488E17
736.5                     2.26991132892547904E17
737                       2.25255331225163104E17
737.5                     2.23536864808904288E17
738                       2.2183713003120688E17
738.5                     2.2015584626640272E17
739                       2.18491287110436576E17
739.5                     2.16844639608693056E17
740                       2.1521526365045168E17
740.5                     2.13602073851601568E17
741                       2.12006030598242624E17
741.5                     2.10426139218147424E17
742                       2.08861958610061984E17
742.5                     2.07314209363170304E17
743                       2.0578154829646896E17
743.5                     2.04264177837527456E17
744                       2.02762569078254624E17
744.5                     2.0127503722931872E17
745                       1.9980242429470016E17
745.5                     1.98344771384545824E17
746                       1.96900580464637152E17
746.5                     1.95470805788688864E17
747                       1.940551427259472E17
747.5                     1.92652542459020768E17
748                       1.91263808514640352E17
748.5                     1.89888371396729632E17
749                       1.88525643779811904E17
749.5                     1.871762644153648E17
750                       1.85839399226205568E17
750.5                     1.84514930883864032E17
751                       1.83203322066615168E17
751.5                     1.81903475481537984E17
752                       1.80615749136010304E17
752.5                     1.79340401898967904E17
753                       1.780761318608208E17
753.5                     1.768237187020008E17
754                       1.7558305467480512E17
754.5                     1.74353160149303456E17
755                       1.73134713012700864E17
755.5                     1.71927404299680384E17
756                       1.70730592273193664E17
756.5                     1.69544839550417152E17
757                       1.68369633489428896E17
757.5                     1.67204682534777504E17
758                       1.6605042275564672E17
758.5                     1.64906136535045216E17
759                       1.63771891855991616E17
759.5                     1.62647988893963104E17
760                       1.61533504824545952E17
760.5                     1.6042887389488224E17
761                       1.5933417595450576E17
761.5                     1.58248514164440512E17
762                       1.57172462931164448E17
762.5                     1.56105877905056192E17
763                       1.55048113814971744E17
763.5                     1.53999663442555712E17
764                       1.52960224764648544E17
764.5                     1.51929417174250624E17
765                       1.50907641312391616E17
765.5                     1.49894435518828832E17
766                       1.48889694060229024E17
766.5                     1.47893716620526304E17
767                       1.46905881266628672E17
767.5                     1.45926364545492864E17
768                       1.44955357973028128E17
768.5                     1.43992080078603328E17
769                       1.43036994297547568E17
769.5                     1.42090069449700464E17
770                       1.41150693321913952E17
770.5                     1.40219291366428288E17
771                       1.39295704943310928E17
771.5                     1.38379523381799344E17
772                       1.37471104342215952E17
772.5                     1.36570167641937504E17
773                       1.35676512684101664E17
773.5                     1.34790421778048704E17
774                       1.33911493932804512E17
774.5                     1.33039743891982608E17
775                       1.3217537274072112E17
775.5                     1.31317861155607696E17
776                       1.30467441112995056E17
776.5                     1.29624197077194E17
777                       1.28787589374897504E17
777.5                     1.27957971912578208E17
778                       1.27135285720484384E17
778.5                     1.26319143795764144E17
779                       1.25509849889329856E17
779.5                     1.24707257677932656E17
780                       1.23911137551600864E17
780.5                     1.23121737528921984E17
781                       1.22338826902394224E17
781.5                     1.21562334557701264E17
782                       1.20792449020383536E17
782.5                     1.20028859900079488E17
783                       1.19271652096707872E17
783.5                     1.18520952693386E17
784                       1.17776377929018736E17
784.5                     1.17038162784132512E17
785                       1.16306326731161472E17
785.5                     1.155805583347084E17
786                       1.14861095556754592E17
786.5                     1.14147887579068336E17
787                       1.13440734670313344E17
787.5                     1.12739835335046544E17
788                       1.1204508590597008E17
788.5                     1.11356395267471104E17
789                       1.10673921034016992E17
789.5                     1.09996898990468336E17
790                       1.09325224937107296E17
790.5                     1.08659220607359392E17
791                       1.07998931947933296E17
791.5                     1.07344404971526864E17
792                       1.06695725174533568E17
792.5                     1.06054150247780144E17
793                       1.05418865284816176E17
793.5                     1.04789918696904368E17
794                       1.04167358962760688E17
794.5                     1.03551234628344112E17
795                       1.02940716946678016E17
795.5                     1.02336393487191024E17
796                       1.01738342709617104E17
796.5                     1.01146611750505008E17
797                       1.00561247810690624E17
797.5                     9.9981816677185088E16
798                       9.9408607728031648E16
798.5                     9.8841721149252624E16
799                       9.8281203389583584E16
799.5                     9.7727100959905248E16
800                       9.7179057246182864E16
800.5                     9.6637268082427104E16
801                       9.6101860637414736E16
801.5                     9.5572880737785552E16
802                       9.5050374270307232E16
802.5                     9.4534051442006272E16
803                       9.4024028580782656E16
803.5                     9.3520455227200576E16
804                       9.3023376642990288E16
804.5                     9.2532838148102944E16
805                       9.2048595631876208E16
805.5                     9.157069770230464E16
806                       9.109931784212792E16
806.5                     9.0634500762953712E16
807                       9.0176291232763376E16
807.5                     8.9723528430761728E16
808                       8.9275966921106672E16
808.5                     8.8834389023551408E16
809                       8.8398835731975792E16
809.5                     8.79693480914508E16
810                       8.7545967198070768E16
810.5                     8.7128734198785616E16
811                       8.671769029123336E16
811.5                     8.631287672357288E16
812                       8.5914334794316288E16
812.5                     8.5522540196244032E16
813                       8.5137849258302352E16
813.5                     8.4759755978402352E16
814                       8.4388302898194192E16
814.5                     8.4023532609927792E16
815                       8.366548775628256E16
815.5                     8.3314211030198144E16
816                       8.2969745174705024E16
816.5                     8.2632132982754976E16
817                       8.2301417297052416E16
817.5                     8.1976937281745392E16
818                       8.1657129947202768E16
818.5                     8.1343820796285472E16
819                       8.1037050175322512E16
819.5                     8.07368584768416E16
820                       8.0443286139411648E16
820.5                     8.0156373647484608E16
821                       7.987616153123848E16
821.5                     7.9602690366419824E16
822                       7.9336000774187024E16
822.5                     7.9075704758465008E16
823                       7.8818279715851696E16
823.5                     7.8566964433104752E16
824                       7.832179570114856E16
824.5                     7.8082810351605472E16
825                       7.7850045256655008E16
825.5                     7.7623537328892528E16
826                       7.740332352118816E16
826.5                     7.718944082654632E16
827                       7.6981926277964832E16
827.5                     7.6780816948294864E16
828                       7.658085335586872E16
828.5                     7.6386110016178896E16
829                       7.6196856968270704E16
829.5                     7.601312633860616E16
830                       7.5834950287952816E16
830.5                     7.5662361011262832E16
831                       7.5495390737552096E16
831.5                     7.5334071729779264E16
832                       7.5178436284725456E16
832.5                     7.5028516732873472E16
833                       7.4879231647185312E16
833.5                     7.4733360787819872E16
834                       7.4592104150712848E16
834.5                     7.4455488305507664E16
835                       7.432353984950008E16
835.5                     7.4196285407539696E16
836                       7.407375163193112E16
836.5                     7.3955965202335696E16
837                       7.3842952825673056E16
837.5                     7.3734741236022928E16
838                       7.3626939181436976E16
838.5                     7.3520476895083936E16
839                       7.3417593476468704E16
839.5                     7.3318309436750256E16
840                       7.322264530806256E16
840.5                     7.31306216434392E16
841                       7.3042259016737888E16
841.5                     7.295757802256536E16
842                       7.2876599276202096E16
842.5                     7.2799343413527504E16
843                       7.2722461490865392E16
843.5                     7.2644834057123328E16
844                       7.2569665697082032E16
844.5                     7.2496970755609104E16
845                       7.242676359221784E16
845.5                     7.2359058581014784E16
846                       7.2293870110646672E16
846.5                     7.2231212584248528E16
847                       7.2171100419390656E16
847.5                     7.2113548048026752E16
848                       7.2056398558392808E16
848.5                     7.1996662483278216E16
849                       7.193826166455304E16
849.5                     7.1881204565054584E16
850                       7.1825499656610104E16
850.5                     7.1771155420004504E16
851                       7.1718180344949336E16
851.5                     7.166658293005064E16
852                       7.1616371682778008E16
852.5                     7.1567555119432752E16
853                       7.1519110651271936E16
853.5                     7.146668242836004E16
854                       7.141453610615776E16
854.5                     7.1362674885665024E16
855                       7.131110197212432E16
855.5                     7.1259820575006872E16
856                       7.1208833907999344E16
856.5                     7.1158145188990392E16
857                       7.1107757640057216E16
857.5                     7.1057674487452168E16
858                       7.1007783028049112E16
858.5                     7.095306381204188E16
859                       7.089770267426476E16
859.5                     7.0841698414017432E16
860                       7.078504983112756E16
860.5                     7.072775572595236E16
861                       7.0669814899379384E16
861.5                     7.0611226152827976E16
862                       7.0551988288250424E16
862.5                     7.0492100108133056E16
863                       7.0431560415497584E16
863.5                     7.0366867472930456E16
864                       7.0300300071432896E16
864.5                     7.0232330311550872E16
865                       7.0162953576515504E16
865.5                     7.0092165247431512E16
866                       7.0019960703288816E16
866.5                     6.9946335320975216E16
867                       6.9871284475288016E16
867.5                     6.9794803538946336E16
868                       6.9716887882602952E16
868.5                     6.9635531547659704E16
869                       6.9551482957433376E16
869.5                     6.9465459012500512E16
870                       6.9377452689614176E16
870.5                     6.928745696171328E16
871                       6.9195464797941552E16
871.5                     6.9101469163667208E16
872                       6.9005463020502152E16
872.5                     6.8907439326321328E16
873                       6.8807391035281976E16
873.5                     6.870437871014588E16
874                       6.859834851426448E16
874.5                     6.8489955055420704E16
875                       6.8379189850622512E16
875.5                     6.8266044412208384E16
876                       6.8150510247870824E16
876.5                     6.8032578860679712E16
877                       6.7912241749105824E16
877.5                     6.7789490407044264E16
878                       6.76643163238374E16
878.5                     6.7536433527173672E16
879                       6.7405611129469968E16
879.5                     6.7272208049708864E16
880                       6.7136215172576184E16
880.5                     6.6997623377901184E16
881                       6.6856423540681584E16
881.5                     6.6712606531108256E16
882                       6.6566163214589832E16
882.5                     6.6417084451777752E16
883                       6.6265361098590488E16
883.5                     6.6111011913831848E16
884                       6.5954096939023912E16
884.5                     6.5794531759678616E16
885                       6.5632307308804376E16
885.5                     6.5467414514865536E16
886                       6.5299844301807096E16
886.5                     6.5129587589078128E16
887                       6.4956635291656224E16
887.5                     6.4780978320071072E16
888                       6.4602607580428616E16
888.5                     6.4421583041324712E16
889                       6.4238557024078544E16
889.5                     6.4052933405246232E16
890                       6.3864703695749632E16
890.5                     6.3673859402625248E16
891                       6.3480392029046096E16
891.5                     6.328429307434348E16
892                       6.3085554034028472E16
892.5                     6.2884166399813632E16
893                       6.2680121659634544E16
893.5                     6.2473411297671304E16
894                       6.226522940496268E16
894.5                     6.2054667728902792E16
895                       6.1841650251888016E16
895.5                     6.1626169449698968E16
896                       6.1408217795123864E16
896.5                     6.1187787757976704E16
897                       6.0964871805115496E16
897.5                     6.0739462400460728E16
898                       6.0511552005013408E16
898.5                     6.0281133076873208E16
899                       6.0049460509229072E16
899.5                     5.9815874158941008E16
900                       5.958005635247884E16
900.5                     5.9342000804426736E16
901                       5.9101701227359896E16
901.5                     5.885915133185872E16
902                       5.8614344826523232E16
902.5                     5.8367275417987248E16
903                       5.81179368109324E16
903.5                     5.7866322708102632E16
904                       5.761356696984892E16
904.5                     5.7359466146279232E16
905                       5.7103412560195144E16
905.5                     5.68454013367716E16
906                       5.6585427600193496E16
906.5                     5.6323486473665848E16
907                       5.6059573079423504E16
907.5                     5.5793682538741072E16
908                       5.5525809971942832E16
908.5                     5.5255950498412352E16
909                       5.498500731894076E16
909.5                     5.4713333098043424E16
910                       5.444002275966876E16
910.5                     5.4165072933204512E16
911                       5.3888480248047376E16
911.5                     5.361024133360864E16
912                       5.333035281931976E16
912.5                     5.3048811334637464E16
913                       5.2765613509049472E16
913.5                     5.248075597207964E16
914                       5.219485541299932E16
914.5                     5.1908841034567064E16
915                       5.1621531520238656E16
915.5                     5.1332925035569368E16
916                       5.1043019747064048E16
916.5                     5.0751813822177504E16
917                       5.04593054293162E16
917.5                     5.0165492737838912E16
918                       4.9870373918058112E16
918.5                     4.9573947141240744E16
919                       4.9276525865795696E16
919.5                     4.8979579757579336E16
920                       4.8681692329343888E16
920.5                     4.8382863265692992E16
921                       4.8083092253034232E16
921.5                     4.7782378979576112E16
922                       4.7480723135324936E16
922.5                     4.7178124412081696E16
923                       4.6874582503438984E16
923.5                     4.6570097104778008E16
924                       4.626469028900436E16
924.5                     4.596029524503872E16
925                       4.56553155553782E16
925.5                     4.5349752366819736E16
926                       4.5043606828716024E16
926.5                     4.4736880092968624E16
927                       4.4429573314020952E16
927.5                     4.4121687648851512E16
928                       4.3813224256967016E16
928.5                     4.350418430039532E16
929                       4.3194568943678696E16
929.5                     4.2885955706859432E16
930                       4.2577345985584832E16
930.5                     4.226850482724312E16
931                       4.195943475453936E16
931.5                     4.1650138293362368E16
932                       4.1340617972774096E16
932.5                     4.1030876324999544E16
933                       4.0720915885416328E16
933.5                     4.0410739192544344E16
934                       4.0100348788035552E16
934.5                     3.9790917829629648E16
935                       3.9482038265404664E16
935.5                     3.9173265324721296E16
936                       3.8864602787286704E16
936.5                     3.8556054436508016E16
937                       3.8247624059478728E16
937.5                     3.7939315446965712E16
938                       3.7631132393395592E16
938.5                     3.7323078696841672E16
939                       3.7015158159010472E16
939.5                     3.6708178260842472E16
940                       3.640221688031384E16
940.5                     3.6096679180281512E16
941                       3.579157005971488E16
941.5                     3.5486894421679996E16
942                       3.5182657173323384E16
942.5                     3.4878863225856472E16
943                       3.4575517494539588E16
943.5                     3.4272624898666232E16
944                       3.3970190361547224E16
944.5                     3.3668709703794288E16
945                       3.3368621142287488E16
945.5                     3.3069246309780544E16
946                       3.2770591070651516E16
946.5                     3.247266129365464E16
947                       3.21754628519024E16
947.5                     3.1879001622847716E16
948                       3.158328348826598E16
948.5                     3.128831433423724E16
949                       3.0994100051128512E16
949.5                     3.0700889455487564E16
950                       3.0409343550416304E16
950.5                     3.0118769517775972E16
951                       2.9829174022710944E16
951.5                     2.9540563734910208E16
952                       2.9252945328587988E16
952.5                     2.896632548246418E16
953                       2.8680710879745168E16
953.5                     2.8396108208104296E16
954                       2.8112524159662656E16
954.5                     2.7830031188040076E16
955                       2.754937239744388E16
955.5                     2.72699080295365E16
956                       2.699164538012342E16
956.5                     2.671459174962048E16
957                       2.643875444303338E16
957.5                     2.6164140769937156E16
958                       2.5890758044455824E16
958.5                     2.5618613585241856E16
959                       2.5347714715455912E16
959.5                     2.5078068762746484E16
960                       2.4810248012114876E16
960.5                     2.454384537126058E16
961                       2.4278829447569544E16
961.5                     2.4015208001697564E16
962                       2.3752988798863156E16
962.5                     2.34921796088264E16
963                       2.3232788205868016E16
963.5                     2.297482236876832E16
964                       2.271828988078626E16
964.5                     2.2463198529638516E16
965                       2.2209838141350292E16
965.5                     2.1958076659108052E16
966                       2.1707847573508148E16
966.5                     2.1459158939512912E16
967                       2.1212018816540556E16
967.5                     2.096643526844378E16
968                       2.072241636348864E16
968.5                     2.0479970174333352E16
969                       2.0239104778007124E16
969.5                     1.9999828255889148E16
970                       1.976223301532566E16
970.5                     1.95263153422804E16
971                       1.9292036523017E16
971.5                     1.905940474973398E16
972                       1.8828428218911868E16
972.5                     1.8599115131292196E16
973                       1.8371473691856468E16
973.5                     1.8145512109805152E16
974                       1.7921238598536818E16
974.5                     1.7698661375627198E16
975                       1.7477755549860096E16
975.5                     1.7258514376384784E16
976                       1.7040980523038796E16
976.5                     1.682516217468886E16
977                       1.6611067520256362E16
977.5                     1.6398704752696844E16
978                       1.6188082068979538E16
978.5                     1.5979207670066926E16
979                       1.577208976089431E16
979.5                     1.5566736550349486E16
980                       1.5363077522653812E16
980.5                     1.5160992250278992E16
981                       1.4960646998820304E16
981.5                     1.4762049816616896E16
982                       1.4565208755794806E16
982.5                     1.4370131872247204E16
983                       1.417682722561474E16
983.5                     1.3985302879265896E16
984                       1.379556690027739E16
984.5                     1.3607627359414658E16
985                       1.3421428754450826E16
985.5                     1.3236650573705436E16
986                       1.3053612396068416E16
986.5                     1.2872322021576134E16
987                       1.2692787253756056E16
987.5                     1.2515015899607992E16
988                       1.2339015769585502E16
988.5                     1.216479467757723E16
989                       1.1992360440888402E16
989.5                     1.1821720880222202E16
990                       1.1652883505593464E16
990.5                     1.1485267213291324E16
991                       1.1319361865235832E16
991.5                     1.1155174920028072E16
992                       1.0992713839447904E16
992.5                     1.0831986088436486E16
993                       1.0672999135078782E16
993.5                     1.0515760450586222E16
994                       1.0360277509279214E16
994.5                     1.0206557788569908E16
995                       1.0054608768944792E16
995.5                     9.903847295629338E15
996                       9.754645018491944E15
996.5                     9.607106738109154E15
997                       9.461239500450356E15
997.5                     9.317050354329006E15
998                       9.174546351386492E15
998.5                     9.033734546076052E15
999                       8.894621995646684E15
999.5                     8.757215760127089E15
1000                      8.621522902309685E15
1000.5                    8.487013759429904E15
1001                      8.353869431226668E15
1001.5                    8.222314052070401E15
1002                      8.092354196857693E15
1002.5                    7.963996443014653E15
1003                      7.837247370482143E15
1003.5                    7.712113561701064E15
1004                      7.588601601597612E15
1004.5                    7.466718077568667E15
1005                      7.346469579467124E15
1005.5                    7.227419458426876E15
1006                      7.109513967573719E15
1006.5                    6.99310615257425E15
1007                      6.878202079886303E15
1007.5                    6.76480781819251E15
1008                      6.652929438386947E15
1008.5                    6.542573013561838E15
1009                      6.43374461899422E15
1009.5                    6.326450332132705E15
1010                      6.22069623258422E15
1010.5                    6.116163970487596E15
1011                      6.012545237100407E15
1011.5                    5.910320985300581E15
1012                      5.809496752230868E15
1012.5                    5.710078076969644E15
1013                      5.612070500518971E15
1013.5                    5.515479565792639E15
1014                      5.420310817604317E15
1014.5                    5.326569802655618E15
1015                      5.234262069524303E15
1015.5                    5.143200098324897E15
1016                      5.052822376807595E15
1016.5                    4.963728076308195E15
1017                      4.875922198484439E15
1017.5                    4.789409746660246E15
1018                      4.704195725815143E15
1018.5                    4.62028514257368E15
1019                      4.537683005194877E15
1019.5                    4.4563943235617265E15
1020                      4.3764241091706595E15
1020.5                    4.2977173728179115E15
1021                      4.219477716947608E15
1021.5                    4.1424062515687785E15
1022                      4.0665074493574065E15
1022.5                    3.9917857844087625E15
1023                      3.9182457322281215E15
1023.5                    3.845891769721478E15
1024                      3.774728375186302E15
1024.5                    3.704760028302296E15
1025                      3.6359912101221795E15
1025.5                    3.5684264030625165E15
1026                      3.5012635417272455E15
1026.5                    3.435086630932457E15
1027                      3.3699657304613535E15
1027.5                    3.305904802218558E15
1028                      3.242907809297145E15
1028.5                    3.1809787159706005E15
1029                      3.1201214876847685E15
1029.5                    3.060340091049823E15
1030                      3.0016384938322725E15
1030.5                    2.9440206649469545E15
1031                      2.886918465391998E15
1031.5                    2.830607084817654E15
1032                      2.77525173201153E15
1032.5                    2.7208559297501005E15
1033                      2.6674232018125685E15
1033.5                    2.6149570729738355E15
1034                      2.563461068997486E15
1034.5                    2.512938716628789E15
1035                      2.463393543587711E15
1035.5                    2.4143896496137825E15
1036                      2.3659857378852975E15
1036.5                    2.3184230543603125E15
1037                      2.271704661161567E15
1037.5                    2.2258336212461002E15
1038                      2.180812998399241E15
1038.5                    2.1366458572286048E15
1039                      2.0933352631581042E15
1039.5                    2.050884282421976E15
1040                      2.0090099837614508E15
1040.5                    1.9676042916588898E15
1041                      1.926942867167759E15
1041.5                    1.8870283840255295E15
1042                      1.8478635166652195E15
1042.5                    1.8094509402102205E15
1043                      1.7717933304691435E15
1043.5                    1.7348933639306755E15
1044                      1.6987537177584465E15
1044.5                    1.6631934423457092E15
1045                      1.627973317146463E15
1045.5                    1.5934076617924128E15
1046                      1.5594987972760022E15
1046.5                    1.5262490451655068E15
1047                      1.4936607276006368E15
1047.5                    1.4617361672881188E15
1048                      1.430477687497314E15
1048.5                    1.3998876120558282E15
1049                      1.3698786246860308E15
1049.5                    1.3401389555670205E15
1050                      1.310980014886369E15
1050.5                    1.2824038328946778E15
1051                      1.2544124403212338E15
1051.5                    1.2270078683702242E15
1052                      1.2001921487169418E15
1052.5                    1.17396731350401E15
1053                      1.148335395337612E15
1053.5                    1.1228765033365176E15
1054                      1.0979124040414584E15
1054.5                    1.0734524952223406E15
1055                      1.0494985176728058E15
1055.5                    1.0260522125768821E15
1056                      1.0031153215057875E15
1056.5                    9.806895864147271E14
1057                      9.587767496397154E14
1057.5                    9.371166679370445E14
1058                      9.158193270204586E14
1058.5                    8.949618050482524E14
1059                      8.74545605075951E14
1059.5                    8.54572230481416E14
1060                      8.350431849621172E14
1060.5                    8.159599725324161E14
1061                      7.973240975208481E14
1061.5                    7.789774682127416E14
1062                      7.608860682502084E14
1062.5                    7.431767681599469E14
1063                      7.258508605416581E14
1063.5                    7.089096382597832E14
1064                      6.923543944411894E14
1064.5                    6.761864224728645E14
1065                      6.604070159996191E14
1065.5                    6.449378888615416E14
1066                      6.296372695180711E14
1066.5                    6.146669647650291E14
1067                      6.000280808861534E14
1067.5                    5.857217243812946E14
1068                      5.71749001964465E14
1068.5                    5.581110205618945E14
1069                      5.4480888731008694E14
1069.5                    5.318274064823405E14
1070                      5.189656948450275E14
1070.5                    5.063926243131337E14
1071                      4.9410915072297556E14
1071.5                    4.821162300882643E14
1072                      4.7041481859844744E14
1072.5                    4.590058726170485E14
1073                      4.47890348680018E14
1073.5                    4.369369346587939E14
1074                      4.2617442770929006E14
1074.5                    4.156591844751575E14
1075                      4.053920157037092E14
1075.5                    3.953737322852981E14
1076                      3.8560514525192456E14
1076.5                    3.7608706577585375E14
1077                      3.667791781800273E14
1077.5                    3.575886776587396E14
1078                      3.486114313652138E14
1078.5                    3.3984813313466056E14
1079                      3.312994769194141E14
1079.5                    3.229661567877577E14
1080                      3.148488669227518E14
1080.5                    3.0694830162106506E14
1081                      2.9914144800137375E14
1081.5                    2.915018131815663E14
1082                      2.840462026522248E14
1082.5                    2.7677520870835453E14
1083                      2.696894237394763E14
1083.5                    2.6278944022863897E14
1084                      2.5607585075143356E14
1084.5                    2.4949386765195466E14
1085                      2.430140526537525E14
1085.5                    2.3669195821219462E14
1086                      2.3052808808309756E14
1086.5                    2.2452294609893662E14
1087                      2.1867703616801644E14
1087.5                    2.1299086227364128E14
1088                      2.0745858652943103E14
1088.5                    2.019809545312649E14
1089                      1.9663796803653228E14
1089.5                    1.9143005384985706E14
1090                      1.8635763883770194E14
1090.5                    1.8142114992767262E14
1091                      1.7662101410782547E14
1091.5                    1.719576584259756E14
1092                      1.6737516663832334E14
1092.5                    1.6288380180269962E14
1093                      1.5850914019321578E14
1093.5                    1.5425154741268038E14
1094                      1.5011138911350856E14
1094.5                    1.460890309971369E14
1095                      1.421848388134377E14
1095.5                    1.3832247434991583E14
1096                      1.3455874334745645E14
1096.5                    1.3089401009975594E14
1097                      1.2732858238988498E14
1097.5                    1.2386276804048802E14
1098                      1.2049687491329627E14
1098.5                    1.1721234637011348E14
1099                      1.1398039290737873E14
1099.5                    1.1083311136730648E14
1100                      1.0777076354711167E14
