300                       8.65765208469462E15
300.5                     9.129548474611752E15
301                       9.634172235391796E15
301.5                     1.0167308011444254E16
302                       1.0726642508277206E16
302.5                     1.130116095098607E16
303                       1.1926034823595542E16
303.5                     1.2564473250273602E16
304                       1.3246991645013762E16
304.5                     1.3959538335141808E16
305                       1.4694827672391962E16
305.5                     1.5481058241075522E16
306                       1.6306125186455258E16
306.5                     1.7171069768127502E16
307                       1.8076949770632792E16
307.5                     1.9028600721356008E16
308                       2.0030513642551284E16
308.5                     2.1080186670036868E16
309                       2.2178869234450376E16
309.5                     2.3327830127974596E16
310                       2.4536296906617068E16
310.5                     2.5806304878119456E16
311                       2.7135636031301824E16
311.5                     2.8525814033917932E16
312                       2.9978385686988576E16
312.5                     3.1507808076242256E16
313                       3.311112207625898E16
313.5                     3.478783504433634E16
314                       3.6539798091955272E16
314.5                     3.8368972675508144E16
315                       4.0296735354140248E16
315.5                     4.2312750565459904E16
316                       4.4419226264446048E16
316.5                     4.6618402840790912E16
317                       4.8916385133050816E16
317.5                     5.1332929462591944E16
318                       5.3857857637743184E16
318.5                     5.649383229160896E16
319                       5.9243554387699368E16
319.5                     6.211911162218164E16
320                       6.5136369363052216E16
320.5                     6.8286185627949944E16
321                       7.157175811577388E16
321.5                     7.4996329638165088E16
322                       7.8580272069724992E16
322.5                     8.2332485526176128E16
323                       8.6246107750644016E16
323.5                     9.032496165464616E16
324                       9.4572923003657568E16
324.5                     9.9030679999958048E16
325                       1.0369422646048984E17
325.5                     1.08558271772804096E17
326                       1.1362751746124912E17
326.5                     1.18906729043451104E17
327                       1.24400736428420416E17
327.5                     1.30114434313427248E17
328                       1.36052782579624E17
328.5                     1.422208066863996E17
329                       1.4863983185306816E17
329.5                     1.5543177689806096E17
330                       1.6249978288555184E17
330.5                     1.69850067510019904E17
331                       1.77488929756713824E17
331.5                     1.85422750377167648E17
332                       1.9365799236304416E17
332.5                     2.022012014182816E17
333                       2.11059006429518304E17
333.5                     2.20238119934778304E17
334                       2.29839105732686432E17
334.5                     2.3990183898947984E17
335                       2.5034929095138336E17
335.5                     2.611897530541504E17
336                       2.72431620447459616E17
336.5                     2.840833925609856E17
337                       2.9615367366820051E17
337.5                     3.0865117344789242E17
338                       3.2158470754337126E17
338.5                     3.3496319811933824E17
339                       3.489662097673168E17
339.5                     3.634973626019159E17
340                       3.7854382909002918E17
340.5                     3.9411616828779296E17
341                       4.1022506515076E17
341.5                     4.2688133117170598E17
342                       4.4409590501557914E17
342.5                     4.618798531515497E17
343                       4.8024437048214694E17
343.5                     4.992360673166039E17
344                       5.1896306007415597E17
344.5                     5.3933861369096883E17
345                       5.6037537018137504E17
345.5                     5.8208611552623296E17
346                       6.0448378035176602E17
346.5                     6.2758144060503386E17
347                       6.5139231822600064E17
347.5                     6.7592978181618381E17
348                       7.0120734730384781E17
348.5                     7.2728234958813018E17
349                       7.541649443902345E17
349.5                     7.8184485800029875E17
350                       8.1033662374182592E17
350.5                     8.3965493098992627E17
351                       8.6981462584323123E17
351.5                     9.008307117920768E17
352                       9.3271835038290982E17
352.5                     9.6549286187892173E17
353                       9.9916972591687219E17
353.5                     1.03369471750408922E18
354                       1.06913777066750054E18
354.5                     1.10551538520260864E18
355                       1.14284329123944307E18
355.5                     1.18113737659731482E18
356                       1.22041368739477504E18
356.5                     1.26068842865576986E18
357                       1.30197796491193856E18
357.5                     1.34421996743961011E18
358                       1.38730353543971866E18
358.5                     1.43139105522505421E18
359                       1.47649797256368563E18
359.5                     1.52263987661129933E18
360                       1.56983250040261504E18
360.5                     1.61809172133929472E18
361                       1.6674335616743616E18
361.5                     1.71765894137379379E18
362                       1.76872104662869478E18
362.5                     1.82080516994974694E18
363                       1.87392515944183654E18
363.5                     1.92809497762706202E18
364                       1.98332870176482048E18
364.5                     2.03964052416915558E18
365                       2.0967704959368617E18
365.5                     2.15467597516016922E18
366                       2.21355821965371571E18
366.5                     2.27342829636812979E18
367                       2.3342973470960143E18
367.5                     2.3961765885983293E18
368                       2.4588329678062218E18
368.5                     2.5221690524390124E18
369                       2.5863902538747172E18
369.5                     2.6515041810978202E18
370                       2.7175184739894472E18
370.5                     2.7843900876590377E18
371                       2.8517451381686625E18
371.5                     2.9198688411407877E18
372                       2.9887651792813389E18
372.5                     3.0584381232489856E18
373                       3.1287784511345915E18
373.5                     3.1995800221049431E18
374                       3.2710267621262925E18
374.5                     3.3431191353979976E18
375                       3.4158544505438792E18
375.5                     3.4889215800631378E18
376                       3.5625102704389939E18
376.5                     3.6366177726994529E18
377                       3.7112157456886426E18
377.5                     3.786090838571264E18
378                       3.8613691984809503E18
378.5                     3.9370451897695355E18
379                       4.0130043746479846E18
379.5                     4.0892142703945503E18
380                       4.1657150884733251E18
380.5                     4.2424805270608824E18
381                       4.3193556772044856E18
381.5                     4.3964164594335908E18
382                       4.4736523804286469E18
382.5                     4.5509294870835436E18
383                       4.628295520428161E18
383.5                     4.7057296035454208E18
384                       4.7831462330325391E18
384.5                     4.8605687535718707E18
385                       4.9379622168205179E18
385.5                     5.015259953171158E18
386                       5.0924769052030771E18
386.5                     5.1695627164315566E18
387                       5.2465008339561001E18
387.5                     5.3232748132679178E18
388                       5.3998350858720051E18
388.5                     5.4761798701572475E18
389                       5.5522686630957588E18
389.5                     5.628076628732674E18
390                       5.7035883619897252E18
390.5                     5.7787759536106926E18
391                       5.8536237069173217E18
391.5                     5.9281021233579039E18
392                       6.0021950450461788E18
392.5                     6.0758792139622748E18
393                       6.1491339456253553E18
393.5                     6.2219374052414566E18
394                       6.2942667340440689E18
394.5                     6.3661053309042637E18
395                       6.4374381674718177E18
395.5                     6.5082438414511524E18
396                       6.5785084365881897E18
396.5                     6.6482098857328671E18
397                       6.717337390213462E18
397.5                     6.7858670930132398E18
398                       6.8537915904272773E18
398.5                     6.9210849803370189E18
399                       6.9877434599373169E18
399.5                     7.0537389028272824E18
400                       7.1190712404616008E18
400.5                     7.1837098980152207E18
401                       7.2476535221700936E18
401.5                     7.3108750979243233E18
402                       7.3733762252547369E18
402.5                     7.4351322456091003E18
403                       7.4961406380207575E18
403.5                     7.5563813394722724E18
404                       7.615848089322836E18
404.5                     7.6745260757801165E18
405                       7.7324040952073339E18
405.5                     7.7894738510770688E18
406                       7.8457179318903409E18
406.5                     7.9011359218734602E18
407                       7.9557033306059366E18
407.5                     8.0094276182751355E18
408                       8.0622801790159022E18
408.5                     8.1142684454439721E18
409                       8.1653677928993167E18
409.5                     8.21558210801037E18
410                       8.2648919949836749E18
410.5                     8.3132965167990374E18
411                       8.3607828207502275E18
411.5                     8.4073438105853071E18
412                       8.4529745547931474E18
412.5                     8.4976604063248579E18
413                       8.5414057976796488E18
413.5                     8.5841873697333309E18
414                       8.6260195638853612E18
414.5                     8.6668734025790372E18
415                       8.7067634083220398E18
415.5                     8.7456653747100068E18
416                       8.7835895778544538E18
416.5                     8.8205168990092196E18
417                       8.8564501202917294E18
417.5                     8.8913846670110198E18
418                       8.9253090710812867E18
418.5                     8.9582331170780948E18
419                       8.9901392666639647E18
419.5                     9.02103230236224E18
420                       9.0509092093466911E18
420.5                     9.0797603135496305E18
421                       9.1075983140099973E18
421.5                     9.1344060641082092E18
422                       9.1601914116034355E18
422.5                     9.184951994068055E18
423                       9.2086802643229112E18
423.5                     9.23139154491256E18
424                       9.253069230960636E18
424.5                     9.273724385573972E18
425                       9.293355575845738E18
425.5                     9.311957654096263E18
426                       9.329548972915644E18
426.5                     9.346113539657628E18
427                       9.361665973478562E18
427.5                     9.376205841265846E18
428                       9.38973062083155E18
428.5                     9.402261845318042E18
429                       9.413784221512413E18
429.5                     9.424316105371398E18
430                       9.433858090560991E18
430.5                     9.44241054818662E18
431                       9.449997955542704E18
431.5                     9.456606082977466E18
432                       9.462257004020933E18
432.5                     9.466952324576422E18
433                       9.470695897349014E18
433.5                     9.473513641328908E18
434                       9.475393889824401E18
434.5                     9.476361896826028E18
435                       9.476420224583928E18
435.5                     9.475576265329162E18
436                       9.473857077801091E18
436.5                     9.471253709270792E18
437                       9.467794342992153E18
437.5                     9.463482406329453E18
438                       9.458328770374603E18
438.5                     9.452361231581895E18
439                       9.445573645961196E18
439.5                     9.437996712686862E18
440                       9.429634604436283E18
440.5                     9.420501469484188E18
441                       9.410625354213124E18
441.5                     9.400002943260424E18
442                       9.388666870840877E18
442.5                     9.376621914974839E18
443                       9.363885140962585E18
443.5                     9.35048429270055E18
444                       9.33641881224228E18
444.5                     9.321722526825988E18
445                       9.306400670834684E18
445.5                     9.290472700789455E18
446                       9.273965471965815E18
446.5                     9.25688100996799E18
447                       9.239253455493646E18
447.5                     9.2210883544092385E18
448                       9.2024068710051645E18
448.5                     9.1832343916893276E18
449                       9.1635752449058458E18
449.5                     9.1434629102998784E18
450                       9.1229031177322435E18
450.5                     9.1019179243815782E18
451                       9.0805307180350269E18
451.5                     9.0587477480141793E18
452                       9.0366008236512696E18
452.5                     9.014095760059478E18
453                       8.9912546060405975E18
453.5                     8.9680983157729229E18
454                       8.944634593012779E18
454.5                     8.9208926057992038E18
455                       8.8968781918518159E18
455.5                     8.8726124652272445E18
456                       8.8481136439150049E18
456.5                     8.8233903628701379E18
457                       8.7984682938017096E18
457.5                     8.7733532722504878E18
458                       8.7480645973564242E18
458.5                     8.722617605566935E18
459                       8.6970213192974633E18
459.5                     8.6712972464288614E18
460                       8.6454512290069084E18
460.5                     8.6194999892687636E18
461                       8.5934560013975071E18
461.5                     8.5673281516301373E18
462                       8.5411333584210371E18
462.5                     8.514877502714796E18
463                       8.4885741479841628E18
463.5                     8.4622330784833915E18
464                       8.4358625800644055E18
464.5                     8.4094748263528212E18
465                       8.3830757802473073E18
465.5                     8.3566754870025175E18
466                       8.3302813379725271E18
466.5                     8.3039006462703841E18
467                       8.2775409537003366E18
467.5                     8.2512083453385144E18
468                       8.2249092278591693E18
468.5                     8.1986489817881334E18
469                       8.1724336881744384E18
469.5                     8.1462666084895304E18
470                       8.1201539762205061E18
470.5                     8.0940986685135534E18
471                       8.0681044785442458E18
471.5                     8.0421761169323633E18
472                       8.016313103896406E18
472.5                     7.9905218266788649E18
473                       7.9648019396170813E18
473.5                     7.9391560729084477E18
474                       7.9135875446416056E18
474.5                     7.888092798730709E18
475                       7.862678358644265E18
475.5                     7.8373411142071767E18
476                       7.812082925747243E18
476.5                     7.7869057153587917E18
477                       7.7618038282768128E18
477.5                     7.7367836370611692E18
478                       7.7118399082971156E18
478.5                     7.6869740730150687E18
479                       7.662186705182974E18
479.5                     7.6374711268887296E18
480                       7.6128331684044012E18
480.5                     7.5882661945188076E18
481                       7.563771484577193E18
481.5                     7.5393484760750725E18
482                       7.5149901931136041E18
482.5                     7.490701840581717E18
483                       7.4664760058138317E18
483.5                     7.4423140297085133E18
484                       7.4182144875128617E18
484.5                     7.3941706894740961E18
485                       7.370187208883455E18
485.5                     7.346256430248022E18
486                       7.3223799098083799E18
486.5                     7.2985556717729126E18
487                       7.274777759647402E18
487.5                     7.2510501713777234E18
488                       7.2273655985467607E18
488.5                     7.2037259156402883E18
489                       7.1801289226499963E18
489.5                     7.1565697195332833E18
490                       7.1330518327546388E18
490.5                     7.109568699752916E18
491                       7.086122575253972E18
491.5                     7.0627113608241162E18
492                       7.0393314298325217E18
492.5                     7.0159859748493578E18
493                       6.9926695464519045E18
493.5                     6.969384810515286E18
494                       6.9461300826742794E18
494.5                     6.9229031392851661E18
495                       6.8997069981436232E18
495.5                     6.8765376219368008E18
496                       6.8533980962467645E18
496.5                     6.8302874412195E18
497                       6.8072048961151898E18
497.5                     6.7841534743087206E18
498                       6.7611307859301018E18
498.5                     6.7381403296901284E18
499                       6.7151820923029115E18
499.5                     6.6922567814862019E18
500                       6.6693675791885302E18
500.5                     6.6465139192073728E18
501                       6.6236996972847329E18
501.5                     6.6009260953091215E18
502                       6.578195252916566E18
502.5                     6.5555106889533174E18
503                       6.5328737811631882E18
503.5                     6.5102888008505262E18
504                       6.4877583153219103E18
504.5                     6.4652858266371461E18
505                       6.4428753476054538E18
505.5                     6.4205302651312445E18
506                       6.3982552021721549E18
506.5                     6.3760542575336274E18
507                       6.3539321994494106E18
507.5                     6.3318936740094515E18
508                       6.3099440853694515E18
508.5                     6.2880883838111785E18
509                       6.2663322939365417E18
509.5                     6.2446817308056361E18
510                       6.223142088342018E18
510.5                     6.2017207335085404E18
511                       6.1804229206009119E18
511.5                     6.1592560323336499E18
512                       6.1382269898199818E18
512.5                     6.1173420164885125E18
513                       6.0966103162730988E18
513.5                     6.0760374263821681E18
514                       6.055632344752642E18
514.5                     6.0354028367525294E18
515                       6.0153559944708301E18
515.5                     5.9955026496709048E18
516                       5.9758486048302817E18
516.5                     5.956404338830722E18
517                       5.9371782784903127E18
517.5                     5.918178369915946E18
518                       5.8994167663834491E18
518.5                     5.880899523002796E18
519                       5.8626383556819415E18
519.5                     5.8446421495659919E18
520                       5.8269196237520947E18
520.5                     5.8094838357692611E18
521                       5.7923410876879473E18
521.5                     5.7755039605537987E18
522                       5.7589815769033472E18
522.5                     5.7427833434236508E18
523                       5.7269224585159219E18
523.5                     5.7114056994346404E18
524                       5.6962459225539594E18
524.5                     5.6814522544335473E18
525                       5.667034538339029E18
525.5                     5.6530054506782976E18
526                       5.6393722584418755E18
526.5                     5.6261474283264993E18
527                       5.6133398540636877E18
527.5                     5.6009594197140193E18
528                       5.5890176424440986E18
528.5                     5.5775221650582292E18
529                       5.5664843024587796E18
529.5                     5.5559124877165148E18
530                       5.5458161218556232E18
530.5                     5.5362049270327808E18
531                       5.5270867282518938E18
531.5                     5.5184708372029286E18
532                       5.5103650225083607E18
532.5                     5.502777561926103E18
533                       5.495715789330134E18
533.5                     5.4891874377345597E18
534                       5.4831989194692649E18
534.5                     5.4777571744307272E18
535                       5.4728686286475889E18
535.5                     5.4685377234277683E18
536                       5.4647717522834596E18
536.5                     5.461573348477822E18
537                       5.458948511475583E18
537.5                     5.4569010441014456E18
538                       5.4554321251815936E18
538.5                     5.454548204648149E18
539                       5.4542473455319235E18
539.5                     5.4545345555279933E18
540                       5.455410259170645E18
540.5                     5.4568721738894756E18
541                       5.4589254714988882E18
541.5                     5.4615630163165819E18
542                       5.464788833858988E18
542.5                     5.4685992991248097E18
543                       5.4729886616160768E18
543.5                     5.4779603835918981E18
544                       5.4835017311585731E18
544.5                     5.4896158111642542E18
545                       5.4962944292542095E18
545.5                     5.503528555681622E18
546                       5.5113195525707151E18
546.5                     5.5196489677832929E18
547                       5.5284977162396733E18
547.5                     5.5378188695857695E18
548                       5.5476385581663478E18
548.5                     5.5579623136260434E18
549                       5.5687918073744538E18
549.5                     5.5801356535133501E18
550                       5.5919860076462377E18
550.5                     5.6042593173251656E18
551                       5.6170094753374208E18
551.5                     5.6302241345672315E18
552                       5.6438205095218872E18
552.5                     5.6578524054908293E18
553                       5.6723022626571049E18
553.5                     5.6870871601949153E18
554                       5.7022613835624468E18
554.5                     5.717801999250133E18
555                       5.7336276443543583E18
555.5                     5.7497922074830141E18
556                       5.7662673374342605E18
556.5                     5.7829746825332726E18
557                       5.7999669558493071E18
557.5                     5.8172105162139679E18
558                       5.8346313741698212E18
558.5                     5.8522803050226074E18
559                       5.8701187071604767E18
559.5                     5.8880781821013279E18
560                       5.9062068261945211E18
560.5                     5.9244616298660598E18
561                       5.9427808446083533E18
561.5                     5.9612091886891981E18
562                       5.9797000345103831E18
562.5                     5.9981991214031585E18
563                       6.0167471572489851E18
563.5                     6.0352949308333015E18
564                       6.0537962370087219E18
564.5                     6.0722872332192061E18
565                       6.090717400480684E18
565.5                     6.1090488425248399E18
566                       6.1273127438942771E18
566.5                     6.1454587786755154E18
567                       6.1634572623169075E18
567.5                     6.1813341259693435E18
568                       6.199040929118975E18
568.5                     6.2165557272432865E18
569                       6.2338990815911977E18
569.5                     6.2510262668895396E18
570                       6.267922225899947E18
570.5                     6.2846022150025021E18
571                       6.3010271144829911E18
571.5                     6.3171875373382973E18
572                       6.3330936921988628E18
572.5                     6.3487139145763451E18
573                       6.3640429519699302E18
573.5                     6.3790864151220029E18
574                       6.393821779886081E18
574.5                     6.4082461526686095E18
575                       6.4223611768893071E18
575.5                     6.4361548471248927E18
576                       6.4496247271408691E18
576.5                     6.4627692772716564E18
577                       6.4755879303085947E18
577.5                     6.4880768270044672E18
578                       6.5002321392585441E18
578.5                     6.512065049005823E18
579                       6.523568588337495E18
579.5                     6.5347375867075768E18
580                       6.5455945467289149E18
580.5                     6.556128088321538E18
581                       6.5663326235288013E18
581.5                     6.5762407150215987E18
582                       6.5858358320926802E18
582.5                     6.595112793048322E18
583                       6.6041120933192243E18
583.5                     6.6128120333525944E18
584                       6.6212084791512842E18
584.5                     6.629346906827989E18
585                       6.6372012516536566E18
585.5                     6.6447699764512389E18
586                       6.6520964073027338E18
586.5                     6.6591552479856568E18
587                       6.6659463901714934E18
587.5                     6.6725071579974799E18
588                       6.6788151791174175E18
588.5                     6.6848711008902472E18
589                       6.6907035115034737E18
589.5                     6.6962944265395558E18
590                       6.7016444520229857E18
590.5                     6.706771625071063E18
591                       6.7116634068848568E18
591.5                     6.7163194002723922E18
592                       6.7207463080640655E18
592.5                     6.7249376077413171E18
593                       6.7288908924398275E18
593.5                     6.7326017835048479E18
594                       6.7360698263850547E18
594.5                     6.7392896848448133E18
595                       6.7422470784629484E18
595.5                     6.7449471768244859E18
596                       6.7473810034402355E18
596.5                     6.7495262738589932E18
597                       6.7513929198652662E18
597.5                     6.7529679149371197E18
598                       6.7542233080073605E18
598.5                     6.7551726341537167E18
599                       6.7557987544356106E18
599.5                     6.7560705230795141E18
600                       6.75600376963742E18
600.5                     6.7555775201859676E18
601                       6.7547597554805473E18
601.5                     6.7535672914619146E18
602                       6.7519758780014418E18
602.5                     6.7499545693129236E18
603                       6.7475199921061458E18
603.5                     6.7446453644289239E18
604                       6.7413022519389891E18
604.5                     6.7375061437438505E18
605                       6.7332285444340521E18
605.5                     6.7284444224567009E18
606                       6.7231674561536543E18
606.5                     6.7173682254006118E18
607                       6.7110254933615718E18
607.5                     6.7041507307707402E18
608                       6.6967142767372534E18
608.5                     6.6886986864659548E18
609                       6.6801130658381906E18
609.5                     6.6709280576447078E18
610                       6.6611297399501588E18
610.5                     6.6507248765563484E18
611                       6.6396848259420662E18
611.5                     6.6279987727270031E18
612                       6.6156712756557855E18
612.5                     6.6026747288061143E18
613                       6.5890009482475735E18
613.5                     6.5746524811410504E18
614                       6.5596030440830546E18
614.5                     6.5438465986568274E18
615                       6.5273838893757819E18
615.5                     6.5101902715760251E18
616                       6.4922613659159788E18
616.5                     6.4735963171768525E18
617                       6.4541725182948823E18
617.5                     6.433986745190231E18
618                       6.4130367354537677E18
618.5                     6.3913024393008404E18
619                       6.3687812354152059E18
619.5                     6.3454696439194358E18
620                       6.3213508356001587E18
620.5                     6.2964221556470385E18
621                       6.2706791073631345E18
621.5                     6.2441089003062856E18
622                       6.2167080936874281E18
622.5                     6.1884714010053806E18
623                       6.159391048832642E18
623.5                     6.1294619139628544E18
624                       6.0986781880079811E18
624.5                     6.0670382563445893E18
625                       6.0345342493596447E18
625.5                     6.0011602469453261E18
626                       5.9669218371826995E18
626.5                     5.9318074173261906E18
627                       5.8958117638060698E18
627.5                     5.858947619049086E18
628                       5.8211997182154711E18
628.5                     5.7825639902291118E18
629                       5.743060478087978E18
629.5                     5.7026700844503112E18
630                       5.6613905244078428E18
630.5                     5.6192492048832461E18
631                       5.5762230497418455E18
631.5                     5.5323122934661786E18
632                       5.4875516656943022E18
632.5                     5.4419139990685338E18
633                       5.39540288583441E18
633.5                     5.3480602097081805E18
634                       5.2998546443739832E18
634.5                     5.2507940862941368E18
635                       5.2009272534489518E18
635.5                     5.1502186495092142E18
636                       5.0986815287964375E18
636.5                     5.0463709487008963E18
637                       4.9932473015138243E18
637.5                     4.9393303541114808E18
638                       4.8846808106088827E18
638.5                     4.8292550939891753E18
639                       4.7730807263649915E18
639.5                     4.7162231479677317E18
640                       4.6586350520148931E18
640.5                     4.6003530245740129E18
641                       4.5414460982034217E18
641.5                     4.4818635870200996E18
642                       4.4216524828089329E18
642.5                     4.3608840257603963E18
643                       4.2995046250271892E18
643.5                     4.2375730066122619E18
644                       4.1751609958308337E18
644.5                     4.1122127043071396E18
645                       4.0487998456848051E18
645.5                     3.9849929878111754E18
646                       3.9207346912932321E18
646.5                     3.8561107565758392E18
647                       3.7911884679261768E18
647.5                     3.7259097204037376E18
648                       3.6603752484654459E18
648.5                     3.5946469028781076E18
649                       3.5286669294768911E18
649.5                     3.4625514758867087E18
650                       3.3963547724607032E18
650.5                     3.3300205446585492E18
651                       3.2636803317734436E18
651.5                     3.1973786367041874E18
652                       3.1310618751843011E18
652.5                     3.0648763113781074E18
653                       2.998854841541058E18
653.5                     2.9329478191912212E18
654                       2.8673147722780175E18
654.5                     2.8019755162798638E18
655                       2.7368855666634363E18
655.5                     2.6722153179691479E18
656                       2.6079706362298081E18
656.5                     2.5441133244076109E18
657                       2.480821191320321E18
657.5                     2.4180861026933396E18
658                       2.3558770876066314E18
658.5                     2.29437478504325504E18
659                       2.23355803429459046E18
659.5                     2.17340374528462362E18
660                       2.11408965934416154E18
660.5                     2.05558376585973914E18
661                       1.9978711278980416E18
661.5                     1.94111979379580493E18
662                       1.88529040214676045E18
662.5                     1.8303759688711895E18
663                       1.77652717173700966E18
663.5                     1.72370215008856883E18
664                       1.67190113040186522E18
664.5                     1.62124916901263002E18
665                       1.57170801851088205E18
665.5                     1.52328379670673997E18
666                       1.47606755013638298E18
666.5                     1.43003178038040474E18
667                       1.38518728351112218E18
667.5                     1.34158110986793702E18
668                       1.29920628335357594E18
668.5                     1.25807342515372186E18
669                       1.21818407916592435E18
669.5                     1.17955421289095782E18
670                       1.14219064278675738E18
670.5                     1.10605229009784179E18
671                       1.07117721151765658E18
671.5                     1.03756560173004518E18
672                       1.00513873117850381E18
672.5                     9.7395481311233984E17
673                       9.440049455409719E17
673.5                     9.1517951949103552E17
674                       8.8755397120594342E17
674.5                     8.6110843000683853E17
675                       8.357105047846231E17
675.5                     8.1144909510502272E17
676                       7.8829230992994854E17
676.5                     7.6609378160912102E17
677                       7.4495154844970304E17
677.5                     7.2482160714583923E17
678                       7.0555243248593318E17
678.5                     6.8724663472837619E17
679                       6.6984900115872166E17
679.5                     6.5321099231260109E17
680                       6.3743532958134579E17
680.5                     6.2245740720676006E17
681                       6.0813854236377421E17
681.5                     5.9457754449772992E17
682                       5.8170295363402854E17
682.5                     5.6939111196194726E17
683                       5.5773360620023507E17
683.5                     5.4665510766966253E17
684                       5.360502343947111E17
684.5                     5.260009367826704E17
685                       5.1643112892790918E17
685.5                     5.0725505158620538E17
686                       4.9854357941837946E17
686.5                     4.9022278839905453E17
687                       4.8222620436372422E17
687.5                     4.7461312885100243E17
688                       4.6731425628295066E17
688.5                     4.6028074700933107E17
689                       4.5356064853823341E17
689.5                     4.4709108128447315E17
690                       4.4083832852745178E17
690.5                     4.348401285027719E17
691                       4.290411022438912E17
691.5                     4.2341974010149754E17
692                       4.1800482027101152E17
692.5                     4.1274882459816787E17
693                       4.0763952753200262E17
693.5                     4.026982837185159E17
694                       3.9788518493545402E17
694.5                     3.9319465415019117E17
695                       3.8864216080181216E17
695.5                     3.84194703394744E17
696                       3.798511798325945E17
696.5                     3.7562257832566022E17
697                       3.7148182859504794E17
697.5                     3.674306534180023E17
698                       3.634767481358473E17
698.5                     3.595978957677143E17
699                       3.5579749019427846E17
699.5                     3.5208087592880461E17
700                       3.4842964569744448E17
700.5                     3.4484812391657914E17
701                       3.4134000848803507E17
701.5                     3.3788978430517888E17
702                       3.3450227267925536E17
702.5                     3.311800246081712E17
703                       3.2790967150651514E17
703.5                     3.2469630138284813E17
704                       3.2154165784400762E17
704.5                     3.1843395255997536E17
705                       3.1537842888233453E17
705.5                     3.1237624685212813E17
706                       3.0941679271667987E17
706.5                     3.0650541317926515E17
707                       3.0364281776693696E17
707.5                     3.0081932911572499E17
708                       2.9804032980118227E17
708.5                     2.9530595792466829E17
709                       2.9260798129219098E17
709.5                     2.8995110333658163E17
710                       2.87335235317984768E17
710.5                     2.84753329337663456E17
711                       2.8220952682655408E17
711.5                     2.7970355114592784E17
712                       2.772293480398656E17
712.5                     2.7479058250782672E17
713                       2.72386821298511456E17
713.5                     2.70012857147696192E17
714                       2.67671944520811072E17
714.5                     2.65363519150960768E17
715                       2.63083103086949088E17
715.5                     2.60833593346652544E17
716                       2.58614315740767168E17
716.5                     2.56421424520869888E17
717                       2.54257503344122208E17
717.5                     2.52121785536925472E17
718                       2.50010976150630432E17
718.5                     2.4792738272485472E17
719                       2.45870160568343456E17
719.5                     2.43836496728269504E17
720                       2.41828454364874912E17
720.5                     2.39845122830402528E17
721                       2.37884112712137152E17
721.5                     2.3594726997596864E17
722                       2.3403362813265216E17
722.5                     2.32141171423421024E17
723                       2.30271552003839072E17
723.5                     2.28423756075312736E17
724                       2.2659609876202768E17
724.5                     2.24790058613637728E17
725                       2.23004581755428256E17
725.5                     2.2123827734651552E17
726                       2.19492467870905472E17
726.5                     2.17766065535367712E17
727                       2.16057941637548256E17
727.5                     2.1436927789577744E17
728                       2.12698957858924E17
728.5                     2.11046087229287616E17
729                       2.09411720365582272E17
729.5                     2.07794716668107072E17
730                       2.0619439202961904E17
730.5                     2.04611685244541536E17
731                       2.03045435443420544E17
731.5                     2.01495147487571968E17
732                       1.99961655024594016E17
732.5                     1.9844378026503504E17
733                       1.96941198372788928E17
733.5                     1.95454647081290848E17
734                       1.93982934588225152E17
734.5                     1.92525889885730688E17
735                       1.91084163002318688E17
735.5                     1.89656550662314272E17
736                       1.88243021096598144E17
736.5                     1.8684414395054272E17
737                       1.85458706713719936E17
737.5                     1.84086803890068352E17
738                       1.82728931291633568E17
738.5                     1.8138386917213728E17
739                       1.80051826741979776E17
739.5                     1.78733231856731904E17
740                       1.7742685935160608E17
740.5                     1.7613302277954992E17
741                       1.74852087329423968E17
741.5                     1.73582824110830304E17
742                       1.7232564168320624E17
742.5                     1.71080847346980736E17
743                       1.69847210112390016E17
743.5                     1.68625225078200096E17
744                       1.6741514599100688E17
744.5                     1.66215741380850016E17
745                       1.65027585139717888E17
745.5                     1.638508814134328E17
746                       1.62684399925875584E17
746.5                     1.61528786196713504E17
747                       1.60384198400786336E17
747.5                     1.59249409248729792E17
748                       1.58125129167120416E17
748.5                     1.57011458593900736E17
749                       1.55907220588111104E17
749.5                     1.54813138689871904E17
750                       1.53729255893973984E17
750.5                     1.5265450178410464E17
751                       1.51589552836709504E17
751.5                     1.5053441826867968E17
752                       1.49488128645796608E17
752.5                     1.48451315288281856E17
753                       1.47423956469082848E17
753.5                     1.46405178699062368E17
754                       1.45395569844700896E17
754.5                     1.44395080059368608E17
755                       1.4340292716629464E17
755.5                     1.42419657111017616E17
756                       1.41445194785355184E17
756.5                     1.40478844990760256E17
757                       1.39521113154631856E17
757.5                     1.38571901834845392E17
758                       1.37630598667036672E17
758.5                     1.36697669877026928E17
759                       1.35772998711737168E17
759.5                     1.3485605157898728E17
760                       1.33947256780190432E17
760.5                     1.33046481382353536E17
761                       1.3215326648227184E17
761.5                     1.31268003743070672E17
762                       1.30390547287640928E17
762.5                     1.29520508704334672E17
763                       1.28658244360704432E17
763.5                     1.27803598754359456E17
764                       1.26956249576865744E17
764.5                     1.26116519343821536E17
765                       1.25284246287527728E17
765.5                     1.24459169569216896E17
766                       1.23641579435120816E17
766.5                     1.22831311190496E17
767                       1.22028160561372144E17
767.5                     1.21232387275019856E17
768                       1.204438269428328E17
768.5                     1.19662326686168544E17
769                       1.1888811764843848E17
769.5                     1.18121038773129104E17
770                       1.17360983185584432E17
770.5                     1.16608155567741232E17
771                       1.15862400896144864E17
771.5                     1.15123652766805968E17
772                       1.14392091696523584E17
772.5                     1.1366689858182136E17
773                       1.12947745612234672E17
773.5                     1.12235116322505408E17
774                       1.11529065291272704E17
774.5                     1.10829647181885984E17
775                       1.1013691674215376E17
775.5                     1.09452077842140752E17
776                       1.08775050675499232E17
776.5                     1.08105408395859888E17
777                       1.07443209121574544E17
777.5                     1.06788511058031824E17
778                       1.06141045756746096E17
778.5                     1.0550030864560216E17
779                       1.04866895183024176E17
779.5                     1.04240861918260112E17
780                       1.03622265483794816E17
780.5                     1.03011162595097648E17
781                       1.02406984704040688E17
781.5                     1.01810212142966416E17
782                       1.01220901927736976E17
782.5                     1.0063910996878896E17
783                       1.00064892256895488E17
783.5                     9.9497931976082352E16
784                       9.893831054736784E16
784.5                     9.8386240823195728E16
785                       9.7841778045392E16
785.5                     9.7304977533597536E16
786                       9.6775721680851712E16
786.5                     9.6253759476996928E16
787                       9.573943659183888E16
787.5                     9.5232807600680768E16
788                       9.4733927154179504E16
788.5                     9.424284997810968E16
789                       9.375900220319016E16
789.5                     9.3282861035950032E16
790                       9.2814483877168256E16
790.5                     9.2353924627644432E16
791                       9.1901237260801808E16
791.5                     9.145452535560728E16
792                       9.1013951494444544E16
792.5                     9.0580405687252784E16
793                       9.015393668213224E16
793.5                     8.9734593292263056E16
794                       8.9322424395698288E16
794.5                     8.8917478935157536E16
795                       8.8519805917820496E16
795.5                     8.8129454415120528E16
796                       8.7746473562539136E16
796.5                     8.7370912559399952E16
797                       8.700359828166E16
797.5                     8.6643948493188944E16
798                       8.6292005301049616E16
798.5                     8.5947818901190128E16
799                       8.5611439553208096E16
799.5                     8.5282917580143824E16
800                       8.4962303368273024E16
800.5                     8.4649647366900016E16
801                       8.434500008815104E16
801.5                     8.4048412106768016E16
802                       8.375842671676208E16
802.5                     8.347280745807944E16
803                       8.3194517851526352E16
803.5                     8.2923604045641824E16
804                       8.2660112245443296E16
804.5                     8.2404088712239568E16
805                       8.215557976344392E16
805.5                     8.1914631772387584E16
806                       8.1681291168133248E16
806.5                     8.1455604435288768E16
807                       8.1237618113821216E16
807.5                     8.1022785259485904E16
808                       8.0812214294882704E16
808.5                     8.0608200795288304E16
809                       8.0410784816388976E16
809.5                     8.0220006461192784E16
810                       8.0035905879870256E16
810.5                     7.9858523269594912E16
811                       7.9687898874384448E16
811.5                     7.9524072984942128E16
812                       7.9367085938497824E16
812.5                     7.9216978118649856E16
813                       7.9064986892971152E16
813.5                     7.8918214358798864E16
814                       7.8776857778133792E16
814.5                     7.8640949555292256E16
815                       7.8510522131766832E16
815.5                     7.8385607986099904E16
816                       7.8266239633756384E16
816.5                     7.815244962699768E16
817                       7.80442705547548E16
817.5                     7.7941735042502304E16
818                       7.7841969322103184E16
818.5                     7.774030954836328E16
819                       7.7642642666759856E16
819.5                     7.754899253020848E16
820                       7.7459383018591376E16
820.5                     7.7373838038664528E16
821                       7.729238152396544E16
821.5                     7.7215037434720816E16
822                       7.7141829757753952E16
822.5                     7.7072782506392912E16
823                       7.7007919720378272E16
823.5                     7.6940976309346448E16
824                       7.6873282966138704E16
824.5                     7.6808065855141264E16
825                       7.674534016904152E16
825.5                     7.6685121117767312E16
826                       7.6627423928427552E16
826.5                     7.6572263845253376E16
827                       7.6519656129539376E16
827.5                     7.6469616059584736E16
828                       7.642215893063448E16
828.5                     7.6377300054820752E16
829                       7.6325832497409568E16
829.5                     7.6275075463805472E16
830                       7.6225287766668368E16
830.5                     7.6176476481456528E16
831                       7.6128648692383408E16
831.5                     7.608181149238888E16
832                       7.603597198311056E16
832.5                     7.599113727485496E16
833                       7.5947314486569312E16
833.5                     7.5904510745812704E16
834                       7.5860396799492448E16
834.5                     7.581096039081464E16
835                       7.5761117217990496E16
835.5                     7.5710867339107216E16
836                       7.566021081418664E16
836.5                     7.560914770518176E16
837                       7.5557678075973312E16
837.5                     7.5505801992366256E16
838                       7.5453519522086288E16
838.5                     7.5400830734776336E16
839                       7.5347735701993264E16
839.5                     7.5290226538711936E16
840                       7.522903954828672E16
840.5                     7.5166296021679264E16
841                       7.5101990468716528E16
841.5                     7.5036117396154256E16
842                       7.496867130769264E16
842.5                     7.489964670399216E16
843                       7.4829038082688848E16
843.5                     7.475683993841032E16
844                       7.4683046762791056E16
844.5                     7.4607653044488112E16
845                       7.452618255776928E16
845.5                     7.4442124033448992E16
846                       7.4355629089273824E16
846.5                     7.426668829026632E16
847                       7.4175292195166688E16
847.5                     7.4081431356461328E16
848                       7.398509632041136E16
848.5                     7.3886277627081168E16
849                       7.3784965810367072E16
849.5                     7.3681151398025344E16
850                       7.3574056715097664E16
850.5                     7.3462265572067584E16
851                       7.3347453036318608E16
851.5                     7.3229607293008976E16
852                       7.3108716519346784E16
852.5                     7.2984768884625536E16
853                       7.2857752550260016E16
853.5                     7.2727655669821952E16
854                       7.2594466389076016E16
854.5                     7.2458172846015056E16
855                       7.231876317089576E16
855.5                     7.217554426557128E16
856                       7.2028612509875064E16
856.5                     7.187833063798872E16
857                       7.172468582456828E16
857.5                     7.1567665235956024E16
858                       7.1407256030218456E16
858.5                     7.124344535718452E16
859                       7.107622035848372E16
859.5                     7.0905568167584232E16
860                       7.0731475909830504E16
860.5                     7.0553930702481504E16
861                       7.0373160184917016E16
861.5                     7.0188966012201704E16
862                       7.0001324679731224E16
862.5                     6.9810223477498712E16
863                       6.9615649687761704E16
863.5                     6.9417590585078952E16
864                       6.9216033436347304E16
864.5                     6.9010965500838312E16
865                       6.8802374030234744E16
865.5                     6.859024626866732E16
866                       6.8374922005104192E16
866.5                     6.8157075596976712E16
867                       6.7935886704079656E16
867.5                     6.7711343598525208E16
868                       6.7483434545868552E16
868.5                     6.725214780514056E16
869                       6.7017471628880608E16
869.5                     6.6779394263169144E16
870                       6.653790394766024E16
870.5                     6.6292988915614224E16
871                       6.6044637393930048E16
871.5                     6.5794087324936304E16
872                       6.5541160167741312E16
872.5                     6.5285130269652352E16
873                       6.5025987492235976E16
873.5                     6.4763721692094488E16
874                       6.4498322720892744E16
874.5                     6.4229780425385208E16
875                       6.3958084647442472E16
875.5                     6.3683225224078208E16
876                       6.3405191987475704E16
876.5                     6.3123974765014392E16
877                       6.2842040361718784E16
877.5                     6.2557495633840848E16
878                       6.2270198770765072E16
878.5                     6.198014163282096E16
879                       6.1687316077145408E16
879.5                     6.139171395770232E16
880                       6.10933271253028E16
880.5                     6.079214742762496E16
881                       6.0488166709233896E16
881.5                     6.0181376811601328E16
882                       5.9872531360793712E16
882.5                     5.9563202540354824E16
883                       5.9251557928175616E16
883.5                     5.8937591629966408E16
884                       5.862129775003808E16
884.5                     5.8302670391314336E16
885                       5.7981703655344728E16
885.5                     5.7658391642316968E16
886                       5.7332728451069768E16
886.5                     5.7004708179105072E16
887                       5.6674324922600832E16
887.5                     5.6343398618904032E16
888                       5.601172767149336E16
888.5                     5.5678223228949792E16
889                       5.5342881756265808E16
889.5                     5.5005699718781224E16
890                       5.466667358218816E16
890.5                     5.4325799812536368E16
891                       5.3983074876238624E16
891.5                     5.3638495240075704E16
892                       5.329205737120164E16
892.5                     5.2943757737149048E16
893                       5.2596531193396536E16
893.5                     5.2248172871157936E16
894                       5.1898495917670632E16
894.5                     5.1547499173221768E16
895                       5.119518148005672E16
895.5                     5.0841541682377136E16
896                       5.0486578626339032E16
896.5                     5.0130291160050968E16
897                       4.9772678133572096E16
897.5                     4.94137383989104E16
898                       4.9054237664348864E16
898.5                     4.8695868381697656E16
899                       4.833670784562872E16
899.5                     4.7976757202111304E16
900                       4.76160176005096E16
900.5                     4.7254490193574392E16
901                       4.6892176137434408E16
901.5                     4.6529076591587952E16
902                       4.6165192718894256E16
902.5                     4.5800525685565248E16
903                       4.5435076661156616E16
903.5                     4.5070523399287232E16
904                       4.4706732737141176E16
904.5                     4.4342673624026384E16
905                       4.3978349378786152E16
905.5                     4.361376332487976E16
906                       4.3248918790368144E16
906.5                     4.2883819107899296E16
907                       4.2518467614693968E16
907.5                     4.2152867652531152E16
908                       4.1787022567733632E16
908.5                     4.1420935711153632E16
909                       4.1057064150342272E16
909.5                     4.069360058360544E16
910                       4.0330372163347808E16
910.5                     3.996738418872828E16
911                       3.960464196451072E16
911.5                     3.9242150801044376E16
912                       3.88799160142442E16
912.5                     3.851794292557136E16
913                       3.8156236862013552E16
913.5                     3.7794803156065512E16
914                       3.7434210647585944E16
914.5                     3.7075789927792392E16
915                       3.671806740126152E16
915.5                     3.6361050101320288E16
916                       3.60047450676742E16
916.5                     3.564915934638302E16
917                       3.529429998983704E16
917.5                     3.4940174056733224E16
918                       3.4586788612051252E16
918.5                     3.423415072702986E16
919                       3.3882267479142908E16
919.5                     3.353226286399178E16
920                       3.3184085618686672E16
920.5                     3.2837029229604584E16
921                       3.2491102194436668E16
921.5                     3.2146313017767976E16
922                       3.1802670211050088E16
922.5                     3.1460182292573884E16
923                       3.1118857787442404E16
923.5                     3.0778705227543604E16
924                       3.0439733151523344E16
924.5                     3.01019501047583E16
925                       2.9766786038476972E16
925.5                     2.9433216914459016E16
926                       2.9101135565127E16
926.5                     2.8770551653432672E16
927                       2.8441474849509768E16
927.5                     2.8113914830644336E16
928                       2.7787881281245208E16
928.5                     2.7463383892814364E16
929                       2.7140432363917456E16
929.5                     2.6819036400154332E16
930                       2.6499466302252624E16
930.5                     2.61823846837856E16
931                       2.5867084159868716E16
931.5                     2.5553575241383432E16
932                       2.5241868446503608E16
932.5                     2.4931974300664368E16
933                       2.4623903336530928E16
933.5                     2.4317666093967616E16
934                       2.4013273120006816E16
934.5                     2.3710734968818008E16
935                       2.3410062201676904E16
935.5                     2.311164733226902E16
936                       2.2815491962583236E16
936.5                     2.2521353497375228E16
937                       2.2229242994448232E16
937.5                     2.193917151879314E16
938                       2.1651150142556704E16
938.5                     2.1365189945009884E16
939                       2.1081302012516148E16
939.5                     2.079949743849998E16
940                       2.0519787323415264E16
940.5                     2.0242182774713956E16
941                       1.9966927978961644E16
941.5                     1.9693867464059768E16
942                       1.9422991098315552E16
942.5                     1.9154310191500312E16
943                       1.8887836060311352E16
943.5                     1.8623580028340436E16
944                       1.8361553426042288E16
944.5                     1.810176759070322E16
945                       1.7844233866409704E16
945.5                     1.7588963604017146E16
946                       1.7335936744640594E16
946.5                     1.7085080750929316E16
947                       1.6836497747961384E16
947.5                     1.6590199019328664E16
948                       1.6346195855192326E16
948.5                     1.610449955225213E16
949                       1.5865121413715824E16
949.5                     1.5628072749268538E16
950                       1.5393364875042222E16
950.5                     1.5161009113585188E16
951                       1.4931016793831738E16
951.5                     1.4703125478275306E16
952                       1.4477344820504582E16
952.5                     1.4253874403927492E16
953                       1.4032725252888926E16
953.5                     1.3813908397820138E16
954                       1.3597434875209544E16
954.5                     1.3383315727573486E16
955                       1.3171562003427136E16
955.5                     1.2962184757255392E16
956                       1.2755195049483858E16
956.5                     1.2550603946449874E16
957                       1.2347702023250238E16
957.5                     1.2147006753314064E16
958                       1.1948602136970312E16
958.5                     1.1752498736484382E16
959                       1.1558707119661316E16
959.5                     1.136723785981844E16
960                       1.1178101535758088E16
960.5                     1.0991308731740314E16
961                       1.080687003745573E16
961.5                     1.0624796047998358E16
962                       1.04448701631214E16
962.5                     1.0266455776956094E16
963                       1.0090253329118968E16
963.5                     9.916272752522252E15
964                       9.744523985060974E15
964.5                     9.575016969587748E15
965                       9.407761653887596E15
965.5                     9.242767990652914E15
966                       9.080045937458378E15
966.5                     8.919605456735952E15
967                       8.761456515749972E15
967.5                     8.604935424538774E15
968                       8.450027384411027E15
968.5                     8.297222725779802E15
969                       8.146530637038805E15
969.5                     7.997960310969874E15
970                       7.851520944720193E15
970.5                     7.707221739779556E15
971                       7.565071901957656E15
971.5                     7.425080641361455E15
972                       7.28725717237255E15
972.5                     7.151610713624638E15
973                       7.016932217461661E15
973.5                     6.884072330398296E15
974                       6.753175984409437E15
974.5                     6.624251543052497E15
975                       6.497307373689226E15
975.5                     6.372351847465429E15
976                       6.249393339290716E15
976.5                     6.128440227818288E15
977                       6.009500895424777E15
977.5                     5.892583728190103E15
978                       5.777431612022797E15
978.5                     5.663245531133198E15
979                       5.5508823213399E15
979.5                     5.440349578761047E15
980                       5.331654902819309E15
980.5                     5.22480589622378E15
981                       5.119810164951979E15
981.5                     5.016675318231833E15
982                       4.91540896852373E15
982.5                     4.816018731502584E15
983                       4.71770085790787E15
983.5                     4.620562766212375E15
984                       4.525062586029197E15
984.5                     4.4312070190979035E15
985                       4.339002769952322E15
985.5                     4.248456545904926E15
986                       4.1595750570311815E15
986.5                     4.0723650161539955E15
987                       3.9868331388281455E15
987.5                     3.9029707604174175E15
988                       3.8197219569338255E15
988.5                     3.737962991258627E15
989                       3.6576998554220645E15
989.5                     3.578938543855206E15
990                       3.5016850533762065E15
990.5                     3.4259453831765715E15
991                       3.351725534807471E15
991.5                     3.2790315121660675E15
992                       3.207497270163656E15
992.5                     3.1367222448323305E15
993                       3.0672666604092215E15
993.5                     2.9991357465461765E15
994                       2.932334734911815E15
994.5                     2.866868859179733E15
995                       2.8027433550167005E15
995.5                     2.739963460070931E15
996                       2.6785344139603125E15
996.5                     2.617810935731033E15
997                       2.558042732033898E15
997.5                     2.499448249020058E15
998                       2.442032067256832E15
998.5                     2.3857987690087455E15
999                       2.3307529382273705E15
999.5                     2.2768991605411605E15
1000                      2.2242420232453252E15
1000.5                    2.1727183115213922E15
1001                      2.1216039231861108E15
1001.5                    2.0715217123052312E15
1002                      2.0224756605233815E15
1002.5                    1.9744697509110582E15
1003                      1.927507967955903E15
1003.5                    1.881594297554005E15
1004                      1.8367327270012145E15
1004.5                    1.79292724498449E15
1005                      1.7498832901288682E15
1005.5                    1.707424698703325E15
1006                      1.665884714711454E15
1006.5                    1.6252668238877532E15
1007                      1.5855745131625958E15
1007.5                    1.546811270654728E15
1008                      1.5089805856637808E15
1008.5                    1.4720859486628018E15
1009                      1.4357084233196705E15
1009.5                    1.3999374896941708E15
1010                      1.3649612118119895E15
1010.5                    1.3307825719431122E15
1011                      1.2974045533454365E15
1011.5                    1.2648301402584485E15
1012                      1.2330623178969025E15
1012.5                    1.2021040724445245E15
1013                      1.171479295295615E15
1013.5                    1.1414919155320732E15
1014                      1.1121970444763625E15
1014.5                    1.083597250071484E15
1015                      1.0556951010802895E15
1015.5                    1.028493167080097E15
1016                      1.0019940184573414E15
1016.5                    9.761556730373251E14
1017                      9.50613034643242E14
1017.5                    9.256782756703831E14
1018                      9.01353627819092E14
1018.5                    8.776413234794974E14
1019                      8.545435957268978E14
1019.5                    8.320626783171652E14
1020                      8.101612591882409E14
1020.5                    7.885084603826856E14
1021                      7.67377894434726E14
1021.5                    7.467714623919264E14
1022                      7.266910658713824E14
1022.5                    7.071386070558374E14
1023                      6.881159886898122E14
1023.5                    6.695928962966409E14
1024                      6.512987965133658E14
1024.5                    6.334574746396951E14
1025                      6.160705633908981E14
1025.5                    5.991396959554982E14
1026                      5.826665059919804E14
1026.5                    5.666526276255042E14
1027                      5.51071323059106E14
1027.5                    5.356833709849036E14
1028                      5.2068650983196256E14
1028.5                    5.0608213667884E14
1029                      4.9187164899564306E14
1029.5                    4.7805644464124544E14
1030                      4.646379218605122E14
1030.5                    4.515924693754564E14
1031                      4.387083437098049E14
1031.5                    4.2616043187173875E14
1032                      4.139499238038419E14
1032.5                    4.020780097709674E14
1033                      3.905458803578978E14
1033.5                    3.793547264670074E14
1034                      3.6848559878617125E14
1034.5                    3.57767371550013E14
1035                      3.473414533442969E14
1035.5                    3.372088679486498E14
1036                      3.273706394099895E14
1036.5                    3.178277920405361E14
1037                      3.085813504158277E14
1037.5                    2.9948893236460394E14
1038                      2.9061569758342556E14
1038.5                    2.819915115631264E14
1039                      2.736172385738337E14
1039.5                    2.6549374310339016E14
1040                      2.5762188985569594E14
1040.5                    2.4993303732035034E14
1041                      2.4239999820891253E14
1041.5                    2.350806460574663E14
1042                      2.279757173546443E14
1042.5                    2.2108594876914888E14
1043                      2.1441207714835572E14
1043.5                    2.0793115632027547E14
1044                      2.0155656682777112E14
1044.5                    1.9536485573735316E14
1045                      1.893566490401982E14
1045.5                    1.8353257287594578E14
1046                      1.7789325353152134E14
1046.5                    1.7243931743996178E14
1047                      1.670718184365117E14
1047.5                    1.61851641747946E14
1048                      1.567879583854886E14
1048.5                    1.5188129870186128E14
1049                      1.4713219317071003E14
1049.5                    1.4254117238562066E14
1050                      1.3805322070245303E14
1050.5                    1.3366717116881553E14
1051                      1.294140599444986E14
1051.5                    1.2529433452829623E14
1052                      1.2130844251784692E14
1052.5                    1.1745683160881164E14
1053                      1.1371852221061395E14
1053.5                    1.1005330036943878E14
1054                      1.0650241106156553E14
1054.5                    1.0306623616053095E14
1055                      9.974515762138614E13
1055.5                    9.653955748000238E13
1056                      9.34097647056598E13
1056.5                    9.035699998613833E13
1057                      8.740073162806177E13
1057.5                    8.454127975037088E13
1058                      8.177896453809953E13
1058.5                    7.911410624179942E13
1059                      7.649616362335483E13
1059.5                    7.395888329960489E13
1060                      7.150400130529756E13
1060.5                    6.9131788928024195E13
1061                      6.6842517509435984E13
1061.5                    6.4624403639399805E13
1062                      6.245233590635228E13
1062.5                    6.035028437284904E13
1063                      5.8318478521848664E13
1063.5                    5.635714788081789E13
1064                      5.446652202132657E13
1064.5                    5.262367398236804E13
1065                      5.082857283558514E13
1065.5                    4.90930082757384E13
1066                      4.7417173965559734E13
1066.5                    4.580126360397428E13
1067                      4.4245470925762E13
1067.5                    4.271793640535439E13
1068                      4.123947088306907E13
1068.5                    3.98114793452603E13
1069                      3.8434124745121836E13
1069.5                    3.7107570065165125E13
1070                      3.582457724343915E13
1070.5                    3.4568609801930883E13
1071                      3.3355161570695535E13
1071.5                    3.2184369214726645E13
1072                      3.1056369422903754E13
1072.5                    2.9971298907757973E13
1073                      2.8914882978252094E13
1073.5                    2.7886616062930867E13
1074                      2.6894167682782492E13
1074.5                    2.5937652114625566E13
1075                      2.50171836544731E13
1075.5                    2.4132876617338945E13
1076                      2.3266503348419594E13
1076.5                    2.242971353212158E13
1077                      2.162350124680728E13
1077.5                    2.0847963237714695E13
1078                      2.0103196265649566E13
1078.5                    1.937565842825729E13
1079                      1.8671477170061105E13
1079.5                    1.799285653997467E13
1080                      1.7339877047541564E13
1080.5                    1.6712619214857434E13
1081                      1.6101920768030004E13
1081.5                    1.551009126804089E13
1082                      1.4939902297103305E13
1082.5                    1.43914216638719E13
1083                      1.3864717187220738E13
1083.5                    1.3353217695168178E13
1084                      1.2856828622452201E13
1084.5                    1.237874582640082E13
1085                      1.1919026368086129E13
1085.5                    1.1477727316884967E13
1086                      1.1050245710944496E13
1086.5                    1.0634810748132959E13
1087                      1.0234833326809973E13
1087.5                    9.850361376542115E12
1088                      9.481442833626002E12
1088.5                    9.124978393763447E12
1089                      8.7780705835378955E12
1089.5                    8.444185698326924E12
1090                      8.12336390825589E12
1090.5                    7.815645388886672E12
1091                      7.519071594003256E12
1091.5                    7.230040255706199E12
1092                      6.951954265256157E12
1092.5                    6.684847209345009E12
1093                      6.42875267904132E12
1093.5                    6.182565312822284E12
1094                      5.942299659921112E12
1094.5                    5.711210435598886E12
1095                      5.489325653323169E12
1095.5                    5.276673330072594E12
1096                      5.072773524067349E12
1096.5                    4.873498312639025E12
1097                      4.681897250699676E12
1097.5                    4.497993645534313E12
1098                      4.321810807234393E12
1098.5                    4.153319475761823E12
1099                      3.9887396267599536E12
1099.5                    3.8306677233103936E12
1100                      3.6791234132568965E12
