300                       9.289370340776628E15
300.5                     9.482245295701752E15
301                       9.680878555739136E15
301.5                     1.0205390608368118E16
302                       1.076771992804065E16
302.5                     1.135452516427401E16
303                       1.1971133881536402E16
303.5                     1.261907414707393E16
304                       1.329983861640015E16
304.5                     1.401491067155746E16
305                       1.4765830779054914E16
305.5                     1.5554277937108392E16
306                       1.6382006022468848E16
306.5                     1.7250835046931742E16
307                       1.8163161147876636E16
307.5                     1.9119995306127584E16
308                       2.0124644603890904E16
308.5                     2.1179710953068804E16
309                       2.2285496072032576E16
309.5                     2.3443328617963028E16
310                       2.4654557809458776E16
310.5                     2.5928725749233236E16
311                       2.7266259960255036E16
311.5                     2.866597615381544E16
312                       3.0129465134521308E16
312.5                     3.165834175755816E16
313                       3.3268242752089384E16
313.5                     3.4955525215780204E16
314                       3.6719768668564248E16
314.5                     3.8562907287746928E16
315                       4.0486903911200744E16
315.5                     4.2513592064422944E16
316                       4.4633619413067416E16
316.5                     4.684852201302176E16
317                       4.9160642393778544E16
317.5                     5.157400362024148E16
318                       5.411355498254956E16
318.5                     5.6766807304144584E16
319                       5.953654633838612E16
319.5                     6.2425597800438552E16
320                       6.544201145315256E16
320.5                     6.8610399748271416E16
321                       7.191785646751912E16
321.5                     7.5367728528936256E16
322                       7.8963409912120704E16
322.5                     8.2718442133408E16
323                       8.6655483182766192E16
323.5                     9.0761838031045776E16
324                       9.5041508662318768E16
324.5                     9.9498552216838208E16
325                       1.04159245158332224E17
325.5                     1.0904696221470216E17
326                       1.14144834978927888E17
326.5                     1.19457782179053104E17
327                       1.24990789289224624E17
327.5                     1.30748908942638208E17
328                       1.36737261343188032E17
328.5                     1.42961034675804832E17
329                       1.49425485515455008E17
329.5                     1.56135939234786432E17
330                       1.63201893953999168E17
330.5                     1.70596856161955968E17
331                       1.78287097159333504E17
331.5                     1.86279193589421024E17
332                       1.9457980720893616E17
332.5                     2.03195685378511808E17
333                       2.12133661551405344E17
333.5                     2.21400655760409856E17
334                       2.31003675102940864E17
334.5                     2.409498142242816E17
335                       2.51441568760110368E17
335.5                     2.62344076005365792E17
336                       2.7365601884036096E17
336.5                     2.85386122018545888E17
337                       2.9754321831172838E17
337.5                     3.101362490906231E17
338                       3.2317426490301811E17
338.5                     3.3666642604953619E17
339                       3.5062200315697082E17
339.5                     3.6508613523638522E17
340                       3.8020538980874656E17
340.5                     3.958584962474752E17
341                       4.1205635463068109E17
341.5                     4.2880999449469325E17
342                       4.4613057548553408E17
342.5                     4.6402938800742778E17
343                       4.8251785386833389E17
343.5                     5.0160752692246157E17
344                       5.2131009370975565E17
344.5                     5.4170042534613363E17
345                       5.6282933808464403E17
345.5                     5.8463874953285158E17
346                       6.071417510615561E17
346.5                     6.3035158142023091E17
347                       6.5428162741984205E17
347.5                     6.789454246121961E17
348                       7.0435665796578458E17
348.5                     7.3052916253811571E17
349                       7.5747692414449613E17
349.5                     7.8524779690838592E17
350                       8.138462600509463E17
350.5                     8.4327347619559309E17
351                       8.7354432274293517E17
351.5                     9.0467383476058086E17
352                       9.3667720564845376E17
352.5                     9.6956978780031027E17
353                       1.00336709326144781E18
353.5                     1.03808479438258803E18
354                       1.07373872446989786E18
354.5                     1.11023153047738637E18
355                       1.14766095958805056E18
355.5                     1.1860493959712681E18
356                       1.22541266134842573E18
356.5                     1.26576673338489395E18
357                       1.30712774627759078E18
357.5                     1.3495119913387712E18
358                       1.39293591757600512E18
358.5                     1.43736653203976166E18
359                       1.48256861491163827E18
359.5                     1.5287842544811991E18
360                       1.57602858343523328E18
360.5                     1.62431687131359898E18
361                       1.67366452495873587E18
361.5                     1.7240870889618752E18
362                       1.77560024610588083E18
362.5                     1.82807597730086349E18
363                       1.88127818986274253E18
363.5                     1.93549468272821171E18
364                       1.99073857896578355E18
364.5                     2.0470231051517079E18
365                       2.10436159163381632E18
365.5                     2.16276747279292646E18
366                       2.22194196332226714E18
366.5                     2.28188424425047501E18
367                       2.3427798214324101E18
367.5                     2.4046387175932058E18
368                       2.4674710164722381E18
368.5                     2.5312868628870083E18
369                       2.5957497789627387E18
369.5                     2.6609357276658442E18
370                       2.72697368358754E18
370.5                     2.7938700757094692E18
371                       2.8616313494409334E18
371.5                     2.9300538154862705E18
372                       2.9990413878202793E18
372.5                     3.0687589156174372E18
373                       3.1392091708061261E18
373.5                     3.210394899309058E18
374                       3.2820136694637128E18
374.5                     3.3541919199233521E18
375                       3.4269731212247695E18
375.5                     3.5003565541725804E18
376                       3.5741624923087334E18
376.5                     3.6483742512982252E18
377                       3.7230640691969413E18
377.5                     3.7982280790733614E18
378                       3.8736678916787528E18
378.5                     3.9494508641246213E18
379                       4.0255930251958717E18
379.5                     4.1020167124261156E18
380                       4.1786459410849935E18
380.5                     4.2555310366345175E18
381                       4.3326546835951186E18
381.5                     4.409861573095169E18
382                       4.4872219655695145E18
382.5                     4.5647241621375442E18
383                       4.6422473016513372E18
383.5                     4.7198334149667615E18
384                       4.7974694874086011E18
384.5                     4.875048538941697E18
385                       4.9525954057195049E18
385.5                     5.030090158000514E18
386                       5.1074672712854815E18
386.5                     5.1847366925659197E18
387                       5.261860678712789E18
387.5                     5.3387932890643005E18
388                       5.4155363570687857E18
388.5                     5.4920442363583386E18
389                       5.5683086419323095E18
389.5                     5.6443023481413857E18
390                       5.7199951451922555E18
390.5                     5.7953749914996398E18
391                       5.8704006717178491E18
391.5                     5.9450613061617275E18
392                       6.0193355841462108E18
392.5                     6.0932030169654354E18
393                       6.1666434962697032E18
393.5                     6.2396364078992036E18
394                       6.3121618861165763E18
394.5                     6.3842028059396741E18
395                       6.4557360232063232E18
395.5                     6.526744555511724E18
396                       6.5972053684206346E18
396.5                     6.6671127677349857E18
397                       6.7364396044868577E18
397.5                     6.8051802767949967E18
398                       6.8733073104563988E18
398.5                     6.9408175645434644E18
399                       7.0076824431682591E18
399.5                     7.0739011858759424E18
400                       7.1394441332244992E18
400.5                     7.2043128608588872E18
401                       7.2684766916129956E18
401.5                     7.33193950113267E18
402                       7.3946696373170452E18
402.5                     7.4566731887986299E18
403                       7.5179175854051236E18
403.5                     7.5784062881832305E18
404                       7.6381117316938527E18
404.5                     7.6970372087820083E18
405                       7.7551600804870523E18
405.5                     7.8124775654174269E18
406                       7.8689740488919962E18
406.5                     7.9246399532102328E18
407                       7.9794682975312005E18
407.5                     8.0334406754282998E18
408                       8.0865608656561019E18
408.5                     8.1388030415414979E18
409                       8.1901733419190139E18
409.5                     8.2406487907255726E18
410                       8.2902311492453048E18
410.5                     8.338904629150592E18
411                       8.3866637487581368E18
411.5                     8.4335021196964106E18
412                       8.4794047643076547E18
412.5                     8.5243770344507515E18
413                       8.5683950367870587E18
413.5                     8.6114694529384704E18
414                       8.6535767377167268E18
414.5                     8.6947238754908303E18
415                       8.7348949764261007E18
415.5                     8.7740893601211136E18
416                       8.812301181364182E18
416.5                     8.8495196832551772E18
417                       8.8857515894023547E18
417.5                     8.9209756755683963E18
418                       8.9552074365592607E18
418.5                     8.9884230057578414E18
419                       9.0206351632341504E18
419.5                     9.051828088726612E18
420                       9.0820066298068019E18
420.5                     9.1111656148998851E18
421                       9.1392993386753229E18
421.5                     9.1664160302337311E18
422                       9.1924978517462917E18
422.5                     9.2175657607932416E18
423                       9.241595805927684E18
423.5                     9.26460743480949E18
424                       9.286585103054352E18
424.5                     9.307540098820538E18
425                       9.3274681154769E18
425.5                     9.346369424420168E18
426                       9.364253939031243E18
426.5                     9.381107967831568E18
427                       9.39695857819703E18
427.5                     9.411781985035942E18
428                       9.425605112566542E18
428.5                     9.438412882353279E18
429                       9.45022384086172E18
429.5                     9.461034648294193E18
430                       9.4708523987623E18
430.5                     9.479688653249307E18
431                       9.48753584688644E18
431.5                     9.49442372011817E18
432                       9.500332656576696E18
432.5                     9.505296159769293E18
433                       9.509299808798337E18
433.5                     9.512369768085352E18
434                       9.51450362920024E18
434.5                     9.515715781577345E18
435                       9.516019060014975E18
435.5                     9.515412788832645E18
436                       9.51392832616646E18
436.5                     9.511551213913315E18
437                       9.50832077479211E18
437.5                     9.504223497548743E18
438                       9.499292665302469E18
438.5                     9.493526660263002E18
439                       9.486946908633962E18
439.5                     9.47956681629169E18
440                       9.471392754869551E18
440.5                     9.462456232143288E18
441                       9.452748514042649E18
441.5                     9.44231293547992E18
442                       9.43113728153264E18
442.5                     9.41926027308971E18
443                       9.406680931895128E18
443.5                     9.393426419426357E18
444                       9.379509814638273E18
444.5                     9.364943837948033E18
445                       9.349758268828682E18
445.5                     9.333950192502432E18
446                       9.317564019198843E18
446.5                     9.300589400593433E18
447                       9.283067534407313E18
447.5                     9.264998041712923E18
448                       9.246411352539791E18
448.5                     9.227319354631676E18
449                       9.2077393797147279E18
449.5                     9.1876975744910828E18
450                       9.1671962663720745E18
450.5                     9.1462772043054643E18
451                       9.1249326371992023E18
451.5                     9.1032022775929887E18
452                       9.0810865102229484E18
452.5                     9.0586156201821082E18
453                       9.0357997329506826E18
453.5                     9.012658119582934E18
454                       8.9892118454711685E18
454.5                     8.965468010515454E18
455                       8.9414593790222182E18
455.5                     8.9171840514843648E18
456                       8.8926751838486333E18
456.5                     8.8679342957751132E18
457                       8.842987794593452E18
457.5                     8.8178439502710958E18
458                       8.7925208409924475E18
458.5                     8.7670338703860163E18
459                       8.7413925109878825E18
459.5                     8.715619222239274E18
460                       8.6897168452501791E18
460.5                     8.663709038293632E18
461                       8.6375989098087424E18
461.5                     8.6114058392273859E18
462                       8.5851366302943089E18
462.5                     8.5588053255575716E18
463                       8.5324220967928197E18
463.5                     8.505996141293737E18
464                       8.4795402581978307E18
464.5                     8.453060144453546E18
465                       8.4265687974280632E18
465.5                     8.4000712401110292E18
466                       8.3735780786106767E18
466.5                     8.3470953252667361E18
467                       8.3206311641301268E18
467.5                     8.294191755608404E18
468                       8.2677838983706317E18
468.5                     8.2414127451888138E18
469                       8.2150849419250924E18
469.5                     8.188803543320875E18
470                       8.1625755011971133E18
470.5                     8.1364026661376614E18
471                       8.1102909247492198E18
471.5                     8.0842421770458081E18
472                       8.058260115743444E18
472.5                     8.0323480099431373E18
473                       8.006506035772801E18
473.5                     7.9807402936583035E18
474                       7.9550460804365527E18
474.5                     7.9294319297923963E18
475                       7.9038924816152054E18
475.5                     7.8784339220774707E18
476                       7.8530527303454515E18
476.5                     7.8277515316703017E18
477                       7.8025300144901642E18
477.5                     7.7773859504758815E18
478                       7.7523236657801329E18
478.5                     7.7273347503824845E18
479                       7.7024275530580101E18
479.5                     7.6775923344596347E18
480                       7.6528356919064166E18
480.5                     7.6281503859389235E18
481                       7.6035389594266225E18
481.5                     7.5789983113230223E18
482                       7.5545257977033882E18
482.5                     7.5301236744980623E18
483                       7.5057830270724915E18
483.5                     7.4815110017409106E18
484                       7.4572962610910956E18
484.5                     7.4331456756489912E18
485                       7.4090503068678001E18
485.5                     7.3850131406611548E18
486                       7.3610295493050644E18
486.5                     7.3370977348693258E18
487                       7.3132183181922703E18
487.5                     7.2893839235169772E18
488                       7.2656002420326769E18
488.5                     7.2418566382895862E18
489                       7.2181599896925768E18
489.5                     7.1945015982339676E18
490                       7.1708850568279808E18
490.5                     7.1473056122423757E18
491                       7.1237629395468984E18
491.5                     7.1002568632209756E18
492                       7.0767826464375224E18
492.5                     7.053344750211838E18
493                       7.0299349551190385E18
493.5                     7.0065598608317983E18
494                       6.9832126513583084E18
494.5                     6.95989746897229E18
495                       6.9366107512097434E18
495.5                     6.9133538230327532E18
496                       6.8901267066572196E18
496.5                     6.8669277055701033E18
497                       6.8437605594210458E18
497.5                     6.8206206145598413E18
498                       6.7975139618377912E18
498.5                     6.7744369293361398E18
499                       6.7513940499856783E18
499.5                     6.7283840615853783E18
500                       6.7054098438140662E18
500.5                     6.6824725916919972E18
501                       6.6595735947695053E18
501.5                     6.6367163906504233E18
502                       6.6139009000878807E18
502.5                     6.5911322194649917E18
503                       6.56841080278545E18
503.5                     6.5457413967991716E18
504                       6.5231258772776899E18
504.5                     6.5005684433561641E18
505                       6.4780723004274401E18
505.5                     6.4556413960207759E18
506                       6.4332799076823675E18
506.5                     6.4109919708797952E18
507                       6.3887822543253125E18
507.5                     6.3666555955525171E18
508                       6.3446168118187633E18
508.5                     6.3226714250889544E18
509                       6.3008246625509489E18
509.5                     6.2790823405613978E18
510                       6.257450574594946E18
510.5                     6.2359349293215365E18
511                       6.2145430018978191E18
511.5                     6.1932796975876475E18
512                       6.1721540341532467E18
512.5                     6.1511708253354435E18
513                       6.1303393250702612E18
513.5                     6.109665492028842E18
514                       6.0891579975159091E18
514.5                     6.0688245311791667E18
515                       6.0486725239080591E18
515.5                     6.0287120508796447E18
516                       6.0089488080373985E18
516.5                     5.9893952730653942E18
517                       5.9700562870461839E18
517.5                     5.9509443436438876E18
518                       5.9320658701054095E18
518.5                     5.9134321117673943E18
519                       5.8950516679597353E18
519.5                     5.8769338765897554E18
520                       5.859090094180438E18
520.5                     5.8415271385149123E18
521                       5.8242595594467389E18
521.5                     5.8072924060456888E18
522                       5.7906401299043154E18
522.5                     5.7743094440915057E18
523                       5.7583131487407299E18
523.5                     5.7426600609512847E18
524                       5.7273608205166858E18
524.5                     5.7124266940814356E18
525                       5.6978657582699264E18
525.5                     5.6836919380157983E18
526                       5.6699113721357629E18
526.5                     5.6565380362705859E18
527                       5.6435788896750828E18
527.5                     5.6310463388290386E18
528                       5.6189487850268262E18
528.5                     5.6072967275323894E18
529                       5.5960999217648691E18
529.5                     5.5853670124848794E18
530                       5.5751087682047662E18
530.5                     5.5653325559793572E18
531                       5.5560487580169738E18
531.5                     5.5472647451866061E18
532                       5.5389896334443622E18
532.5                     5.5312309661399265E18
533                       5.5239967770511411E18
533.5                     5.5172940818917673E18
534                       5.5111305386290063E18
534.5                     5.5055115763864719E18
535                       5.5004452624974879E18
535.5                     5.4959348889863854E18
536                       5.4919886187336509E18
536.5                     5.4886087634630216E18
537                       5.4858018896021402E18
537.5                     5.4835706196422595E18
538                       5.4819185007927972E18
538.5                     5.4808499559918336E18
539                       5.4803636668848404E18
539.5                     5.4804672879597404E18
540                       5.4811538578148823E18
540.5                     5.4824328261948068E18
541                       5.484296316548055E18
541.5                     5.4867501607657923E18
542                       5.4897886352139366E18
542.5                     5.4934118110745108E18
543                       5.4976183963482399E18
543.5                     5.5024001358356019E18
544                       5.5077627416434647E18
544.5                     5.5136870854466693E18
545                       5.5201842958925906E18
545.5                     5.5272340328145152E18
546                       5.5348418765031352E18
546.5                     5.5429916864693606E18
547                       5.55168076172813E18
547.5                     5.5609000889784801E18
548                       5.5706356055285248E18
548.5                     5.5808887029000079E18
549                       5.5916305704769567E18
549.5                     5.6028716206377994E18
550                       5.6145795501947064E18
550.5                     5.6267601647900467E18
551                       5.6393864819331226E18
551.5                     5.6524541914823752E18
552                       5.6659457494207232E18
552.5                     5.67984344601459E18
553                       5.6941426756822303E18
553.5                     5.7088089119737108E18
554                       5.7238496909223291E18
554.5                     5.7392234397821727E18
555                       5.7549363977333678E18
555.5                     5.7709524627894159E18
556                       5.7872669748612905E18
556.5                     5.8038547993301924E18
557                       5.820697274685142E18
557.5                     5.8377835387030221E18
558                       5.8550779185232538E18
558.5                     5.8725838754047468E18
559                       5.8902553047584799E18
559.5                     5.9080986269998981E18
560                       5.9260726924379884E18
560.5                     5.9441735083197225E18
561                       5.9623713552538419E18
561.5                     5.9806493321613292E18
562                       5.9989917994071767E18
562.5                     6.0173668009661768E18
563                       6.0357734929766625E18
563.5                     6.0541678045160008E18
564                       6.0725555334609705E18
564.5                     6.0908967565527583E18
565                       6.1091886508824105E18
565.5                     6.1274019565383895E18
566                       6.1455237430056591E18
566.5                     6.1635369601681746E18
567                       6.1814176692860836E18
567.5                     6.199161731756161E18
568                       6.2167345947519887E18
568.5                     6.2341401414003948E18
569                       6.2513472884438364E18
569.5                     6.2683541797570243E18
570                       6.2851383503951555E18
570.5                     6.3016919734762353E18
571                       6.3180013388577219E18
571.5                     6.334053132498986E18
572                       6.3498417676854456E18
572.5                     6.3653664527963597E18
573                       6.3806244691017165E18
573.5                     6.3956129327072215E18
574                       6.4103083549952553E18
574.5                     6.4246708884028652E18
575                       6.4387251640872837E18
575.5                     6.4524663564029542E18
576                       6.4658802040234732E18
576.5                     6.4789696138766582E18
577                       6.4917312392584172E18
577.5                     6.504168837410601E18
578                       6.5162759271206226E18
578.5                     6.5280488558793718E18
579                       6.5395014789815491E18
579.5                     6.5506296830464266E18
580                       6.5614257312345713E18
580.5                     6.571904821887874E18
581                       6.5820756062906685E18
581.5                     6.5919233102589655E18
582                       6.6014584082197166E18
582.5                     6.6107073641358705E18
583                       6.6196476716977889E18
583.5                     6.6282818601855734E18
584                       6.636653971404886E18
584.5                     6.6447351439693025E18
585                       6.6525227301095731E18
585.5                     6.6600638122397778E18
586                       6.6673358305569321E18
586.5                     6.6743331633032438E18
587                       6.6810871616359741E18
587.5                     6.6875959980730061E18
588                       6.693847560644265E18
588.5                     6.699858376177452E18
589                       6.7056405391091773E18
589.5                     6.7111790246371686E18
590                       6.7164790915504404E18
590.5                     6.7215568502201303E18
591                       6.7263987071654451E18
591.5                     6.7310037856066202E18
592                       6.73538144124941E18
592.5                     6.7395236503438213E18
593                       6.7434285743409009E18
593.5                     6.7470904003291515E18
594                       6.7505087119079066E18
594.5                     6.7536819795821701E18
595                       6.7565944841615442E18
595.5                     6.7592431965106053E18
596                       6.7616306931910175E18
596.5                     6.7637391194380626E18
597                       6.7655523177813627E18
597.5                     6.7670802491273728E18
598                       6.7683090521419254E18
598.5                     6.7692030776390615E18
599                       6.7697810149471867E18
599.5                     6.7700368528695583E18
600                       6.769913654354519E18
600.5                     6.7694382834603315E18
601                       6.7686080145915382E18
601.5                     6.7673650263074877E18
602                       6.7657241497905664E18
602.5                     6.7636883949471795E18
603                       6.7612133931436052E18
603.5                     6.7582897686235372E18
604                       6.7549293509374259E18
604.5                     6.7511020218404403E18
605                       6.7467767089551903E18
605.5                     6.7419722061225769E18
606                       6.736671425163646E18
606.5                     6.7308264394015846E18
607                       6.7244605085592668E18
607.5                     6.7175672098246984E18
608                       6.7100874168903096E18
608.5                     6.702046323913598E18
609                       6.6934396081862492E18
609.5                     6.6842197200748616E18
610                       6.6743941981408123E18
610.5                     6.6639642563925391E18
611                       6.652897569577559E18
611.5                     6.64118319870161E18
612                       6.6288276440984443E18
612.5                     6.6158103382408684E18
613                       6.6021076558152294E18
613.5                     6.5877290959275284E18
614                       6.5726627466226596E18
614.5                     6.55687727812467E18
615                       6.5403833016636539E18
615.5                     6.5231748790262948E18
616                       6.5052172332993915E18
616.5                     6.4865205380092498E18
617                       6.4670793541564948E18
617.5                     6.4468686160495063E18
618                       6.4258873385975634E18
618.5                     6.4041330755528684E18
619                       6.381589535748009E18
619.5                     6.3582477992253051E18
620                       6.3341069983643023E18
620.5                     6.3091568944934687E18
621                       6.2833855620142285E18
621.5                     6.2567918010658949E18
622                       6.2293688215326433E18
622.5                     6.2011064330088202E18
623                       6.1720013466194688E18
623.5                     6.1420476837088123E18
624                       6.1112415519831685E18
624.5                     6.079575998563541E18
625                       6.0470451054197586E18
625.5                     6.01365103519633E18
626                       5.9793863928310088E18
626.5                     5.9442437477927926E18
627                       5.9082280309079521E18
627.5                     5.8713376111491205E18
628                       5.8335611864279941E18
628.5                     5.7949031467587932E18
629                       5.7553737176762214E18
629.5                     5.7149555566974802E18
630                       5.6736492183556905E18
630.5                     5.6314826275355003E18
631                       5.5884305100586373E18
631.5                     5.5444872164659118E18
632                       5.4997012722419169E18
632.5                     5.4540404602540216E18
633                       5.4074984971220378E18
633.5                     5.3601210141870131E18
634                       5.3118960582502523E18
634.5                     5.2628073781521787E18
635                       5.2128932425886116E18
635.5                     5.1621698207126487E18
636                       5.1106082396818022E18
636.5                     5.0582350581185341E18
637                       5.0051018103543491E18
637.5                     4.9511648376527094E18
638                       4.8964349232874107E18
638.5                     4.8410052350063104E18
639                       4.784815828449876E18
639.5                     4.727862662136449E18
640                       4.6702717957650115E18
640.5                     4.6119799778068767E18
641                       4.5529791625627761E18
641.5                     4.4933765732433551E18
642                       4.4331608294931692E18
642.5                     4.3723017009631601E18
643                       4.3108821954497311E18
643.5                     4.2489505631232763E18
644                       4.1864524256158121E18
644.5                     4.1234419826429358E18
645                       4.0600327223287854E18
645.5                     3.9961453311033697E18
646                       3.9318017161955103E18
646.5                     3.8671834473576806E18
647                       3.8021868964476626E18
647.5                     3.7368115068982118E18
648                       3.6712708041074529E18
648.5                     3.6054746842998666E18
649                       3.539411648623102E18
649.5                     3.4732517704068106E18
650                       3.4069934586836705E18
650.5                     3.3405906538253117E18
651                       3.2741664274574561E18
651.5                     3.2078083739613583E18
652                       3.1414375875979494E18
652.5                     3.0751289187746975E18
653                       3.0090548129073669E18
653.5                     2.9431074060738893E18
654                       2.8773147910104294E18
654.5                     2.8119245173122135E18
655                       2.7468058344354888E18
655.5                     2.6819633806017157E18
656                       2.6176477707493443E18
656.5                     2.5537702774048287E18
657                       2.4903177019279693E18
657.5                     2.4274715688632965E18
658                       2.3652467702409339E18
658.5                     2.30359491368572314E18
659                       2.24263395284415565E18
659.5                     2.18246323588450355E18
660                       2.12300898802751053E18
660.5                     2.06433498537115674E18
661                       2.00659963131138278E18
661.5                     1.94971557802079565E18
662                       1.89370520476915123E18
662.5                     1.83875592968084352E18
663                       1.78477970762915098E18
663.5                     1.73178617184703386E18
664                       1.67991926816530406E18
664.5                     1.6291431521618304E18
665                       1.57945472604519629E18
665.5                     1.5309319545815552E18
666                       1.48359328500349005E18
666.5                     1.43742572867330714E18
667                       1.3924623171644521E18
667.5                     1.34873541745179238E18
668                       1.30623812312175872E18
668.5                     1.26498054120564557E18
669                       1.22497076301699328E18
669.5                     1.18622178500388531E18
670                       1.14874160465519898E18
670.5                     1.11248206075276314E18
671                       1.07748611266310874E18
671.5                     1.04376474348936461E18
672                       1.01122855484780774E18
672.5                     9.7991830593010394E17
673                       9.4985702223048986E17
673.5                     9.2095143928597504E17
674                       8.9319219491810483E17
674.5                     8.6662996739791987E17
675                       8.4119006627885235E17
675.5                     8.1678763610898573E17
676                       7.9350733174113318E17
676.5                     7.7130826010840282E17
677                       7.5001953434081869E17
677.5                     7.2975973652274624E17
678                       7.1052908994603546E17
678.5                     6.9207459613900045E17
679                       6.7454303219465856E17
679.5                     6.5794196549427827E17
680                       6.4205311148622362E17
680.5                     6.2694067998996838E17
681                       6.1264488747302605E17
681.5                     5.9901253146971802E17
682                       5.8600689764913357E17
682.5                     5.7370294418001722E17
683                       5.6200945774569638E17
683.5                     5.5080727736300134E17
684                       5.4019594084081581E17
684.5                     5.3013692633436224E17
685                       5.2045395111262362E17
685.5                     5.1125932820318362E17
686                       5.025545195670633E17
686.5                     4.9413309989110214E17
687                       4.8610886236124678E17
687.5                     4.7848500670982394E17
688                       4.7112356661818477E17
688.5                     4.6405634615335789E17
689                       4.5731069034397901E17
689.5                     4.5080638276861907E17
690                       4.4451653951138822E17
690.5                     4.3848293784017677E17
691                       4.3266598985791846E17
691.5                     4.2700622580293472E17
692                       4.2155025202813587E17
692.5                     4.1628468686557069E17
693                       4.111370832687607E17
693.5                     4.0615232801700109E17
694                       4.0133176403420224E17
694.5                     3.9660436090173101E17
695                       3.9200807944847315E17
695.5                     3.8754452799224902E17
696                       3.8317338590436077E17
696.5                     3.789020316633095E17
697                       3.7473981389029965E17
697.5                     3.7066568407789363E17
698                       3.6667072702782067E17
698.5                     3.6276734435870432E17
699                       3.5894606606338605E17
699.5                     3.5519034856337254E17
700                       3.515130832018585E17
700.5                     3.4791152908634618E17
701                       3.4436627716964723E17
701.5                     3.4088951762117574E17
702                       3.3748184575375309E17
702.5                     3.3412484606636442E17
703                       3.3082808419883526E17
703.5                     3.2759259157029658E17
704                       3.2440720654848518E17
704.5                     3.2127360075863782E17
705                       3.1819498536416186E17
705.5                     3.1516499938926554E17
706                       3.1218037997171309E17
706.5                     3.0924555424071578E17
707                       3.0635743118806208E17
707.5                     3.0350962898473818E17
708                       3.0070721008525299E17
708.5                     2.979493568952873E17
709                       2.9522775462622637E17
709.5                     2.9254772309716806E17
710                       2.8990963247007341E17
710.5                     2.87305260250245216E17
711                       2.84738723067094112E17
711.5                     2.82210761598392512E17
712                       2.79716005039756128E17
712.5                     2.77255022225844256E17
713                       2.74829645167777344E17
713.5                     2.72436675951613152E17
714                       2.70074126319042688E17
714.5                     2.67744545917673184E17
715                       2.65446384070762816E17
715.5                     2.63175856331293376E17
716                       2.60935946263278752E17
716.5                     2.58726338149214688E17
717                       2.56542039909527584E17
717.5                     2.54386253061588736E17
718                       2.52259234712813568E17
718.5                     2.50156252216806912E17
719                       2.48079549970692096E17
719.5                     2.4602970574883648E17
720                       2.44003595868992736E17
720.5                     2.42001387389478112E17
721                       2.40024312213683904E17
721.5                     2.38070513580385984E17
722                       2.36138603714811168E17
722.5                     2.34230264495372768E17
723                       2.32344628523655072E17
723.5                     2.30479173025339392E17
724                       2.2863586756136E17
724.5                     2.26814608007904992E17
725                       2.25012074936343424E17
725.5                     2.23230396351389632E17
726                       2.21469761514487936E17
726.5                     2.1972718292094384E17
727                       2.18003988754447424E17
727.5                     2.16300642979728128E17
728                       2.1461516798505664E17
728.5                     2.1294755321759776E17
729                       2.112986904631024E17
729.5                     2.0966741516002576E17
730                       2.080526885848832E17
730.5                     2.06455705826291264E17
731                       2.04875950774919104E17
731.5                     2.03311614234819328E17
732                       2.01764092148276864E17
732.5                     2.00233378868982272E17
733                       1.98717108961244032E17
733.5                     1.97216794850168032E17
734                       1.95732581491624288E17
734.5                     1.94262457335508352E17
735                       1.9280725001560928E17
735.5                     1.91367341338295392E17
736                       1.89941402518722208E17
736.5                     1.885293389221544E17
737                       1.87131829769025504E17
737.5                     1.85748104678710016E17
738                       1.8437734797843616E17
738.5                     1.830204539697848E17
739                       1.81677104320241248E17
739.5                     1.80345933410415936E17
740                       1.79027981107443712E17
740.5                     1.77723289966453856E17
741                       1.76430090164679168E17
741.5                     1.75149508377221504E17
742                       1.73881658840075488E17
742.5                     1.72625124602195168E17
743                       1.71380436748478944E17
743.5                     1.70147915365188768E17
744                       1.68926630644898144E17
744.5                     1.67716448090424032E17
745                       1.6651790326512112E17
745.5                     1.6533046911138672E17
746                       1.64153485429634464E17
746.5                     1.62987645074850976E17
747                       1.61832750037418048E17
747.5                     1.60687736146936896E17
748                       1.59553403252927936E17
748.5                     1.58429817821601216E17
749                       1.57315617961898688E17
749.5                     1.56211666980715904E17
750                       1.55118056943544576E17
750.5                     1.54033767578307904E17
751                       1.52959141591374912E17
751.5                     1.51894449479434176E17
752                       1.50839031872884672E17
752.5                     1.49792740507293568E17
753                       1.48756003809465824E17
753.5                     1.47728461501819648E17
754                       1.46709579552690016E17
754.5                     1.45699900150858496E17
755                       1.44699306775660256E17
755.5                     1.4370697348010576E17
756                       1.42723517236263456E17
756.5                     1.4174901561390064E17
757                       1.4078243450702384E17
757.5                     1.39824431394452784E17
758                       1.38875082217511728E17
758.5                     1.37933672604329296E17
759                       1.3700041728629848E17
759.5                     1.36075540700084656E17
760                       1.3515859721544624E17
760.5                     1.34249449955093648E17
761                       1.33348433114564368E17
761.5                     1.3245532001832248E17
762                       1.31569707784512576E17
762.5                     1.30692004862254672E17
763                       1.29822158277583248E17
763.5                     1.28959575894951984E17
764                       1.28104709257280656E17
764.5                     1.27257625111023904E17
765                       1.26417649455365968E17
765.5                     1.25585210634013248E17
766                       1.24760386722283616E17
766.5                     1.2394273634877008E17
767                       1.23132386631999968E17
767.5                     1.22329512391581296E17
768                       1.21533858610361344E17
768.5                     1.20745329079413248E17
769                       1.19964163636816832E17
769.5                     1.19190252061703696E17
770                       1.18423342907828096E17
770.5                     1.17663714078122464E17
771                       1.16911363595360864E17
771.5                     1.16165942569325392E17
772                       1.15427744912881088E17
772.5                     1.14696830153012304E17
773                       1.13972845491875136E17
773.5                     1.1325603731798784E17
774                       1.12546479688075648E17
774.5                     1.11843962199480704E17
775                       1.11148561439555168E17
775.5                     1.1046040279693096E17
776                       1.09778766480305184E17
776.5                     1.09103239078939312E17
777                       1.0843435291947352E17
777.5                     1.07772161717997568E17
778                       1.0711671927180208E17
778.5                     1.06468079459136016E17
779                       1.05826531751508064E17
779.5                     1.05193734494412496E17
780                       1.0456845152540168E17
780.5                     1.03950740151700608E17
781                       1.0334065776412904E17
781.5                     1.02738261836846944E17
782                       1.02143277729272352E17
782.5                     1.01555311126016688E17
783                       1.00974901507398112E17
783.5                     1.00402104980873104E17
784                       9.9836977733898624E16
784.5                     9.9279576033686144E16
785                       9.8729599818728352E16
785.5                     9.8187068226387248E16
786                       9.7652239998756688E16
786.5                     9.712517065371456E16
787                       9.6605915786385648E16
787.5                     9.609453106890088E16
788                       9.5590491619134784E16
788.5                     9.5094115391525744E16
789                       9.4605559804116704E16
789.5                     9.4124879636601984E16
790                       9.3652129743067664E16
790.5                     9.3187322701639376E16
791                       9.2729740466029104E16
791.5                     9.2280000748069424E16
792                       9.183815730691424E16
792.5                     9.1404263973316576E16
793                       9.0978374649400672E16
793.5                     9.0559548147799984E16
794                       9.014565310557248E16
794.5                     8.9738770705841872E16
795                       8.9338948841764176E16
795.5                     8.8946235469504304E16
796                       8.8560678608034864E16
796.5                     8.8182326338934352E16
797                       8.7811226806186288E16
797.5                     8.7447428215977872E16
798                       8.7090978836499424E16
798.5                     8.674192699774392E16
799                       8.6400321091306384E16
799.5                     8.6067023959831008E16
800                       8.5741696056310528E16
800.5                     8.542414094909008E16
801                       8.5114408238892864E16
801.5                     8.4812547588112192E16
802                       8.4518608720609168E16
802.5                     8.4232641421509696E16
803                       8.3954695537002416E16
803.5                     8.3684820974136544E16
804                       8.3423067700620256E16
804.5                     8.3167204464606464E16
805                       8.2914848553983936E16
805.5                     8.2669583477170608E16
806                       8.2431453219387136E16
806.5                     8.220050181879464E16
807                       8.1976773366317888E16
807.5                     8.176031200546912E16
808                       8.1551161932171184E16
808.5                     8.1349367394581952E16
809                       8.1154972692917952E16
809.5                     8.096802217927912E16
810                       8.07808409085152E16
810.5                     8.0599674731915952E16
811                       8.0424669581626032E16
811.5                     8.0255862662421584E16
812                       8.0093291222393328E16
812.5                     7.9936992552799504E16
813                       7.9787003987919392E16
813.5                     7.9643362904906512E16
814                       7.950610672364256E16
814.5                     7.9375272906591008E16
815                       7.924559723904264E16
815.5                     7.9117586948052064E16
816                       7.8994464629400208E16
816.5                     7.8876259458296208E16
817                       7.87630006431828E16
817.5                     7.865471742562232E16
818                       7.8551439080183072E16
818.5                     7.8453194914325872E16
819                       7.836001426829072E16
819.5                     7.8271926514983488E16
820                       7.8186996639438208E16
820.5                     7.8099083385251056E16
821                       7.8014605015431248E16
821.5                     7.7933582164135616E16
822                       7.7856035488815536E16
822.5                     7.7781985670136928E16
823                       7.7711453411900416E16
823.5                     7.7644459440961088E16
824                       7.75810245071496E16
824.5                     7.7521169383191552E16
825                       7.7464914864628848E16
825.5                     7.7404419844678736E16
826                       7.7344423395897424E16
826.5                     7.7286365277324896E16
827                       7.723025774585728E16
827.5                     7.7176113072502224E16
828                       7.712394354233072E16
828.5                     7.7073761454429328E16
829                       7.7025579121852496E16
829.5                     7.6979408871574512E16
830                       7.6935263044442096E16
830.5                     7.6889408919937888E16
831                       7.6839886843193168E16
831.5                     7.6790852294521184E16
832                       7.6742309879790176E16
832.5                     7.669426421119824E16
833                       7.6646719907253792E16
833.5                     7.6599681592755632E16
834                       7.6553153898773168E16
834.5                     7.6507141462626832E16
835                       7.6461648927868432E16
835.5                     7.6416232053687216E16
836                       7.6364294088873408E16
836.5                     7.6311560646950672E16
837                       7.6258029887463824E16
837.5                     7.6203699970147808E16
838                       7.6148569054930816E16
838.5                     7.609263530193752E16
839                       7.6035896871492112E16
839.5                     7.5978351924121472E16
840                       7.5919998620558192E16
840.5                     7.586083512174376E16
841                       7.5797051735195168E16
841.5                     7.5729816605830528E16
842                       7.5660732757893616E16
842.5                     7.5589793368968048E16
843                       7.5516991612451728E16
843.5                     7.5442320657577136E16
844                       7.536577366943144E16
844.5                     7.528734380897648E16
845                       7.5207024233068752E16
845.5                     7.5124808094479472E16
846                       7.5039577820823856E16
846.5                     7.4949367620900864E16
847                       7.485652808808296E16
847.5                     7.4761048958983856E16
848                       7.466291996330336E16
848.5                     7.4562130823858304E16
849                       7.4458671256614144E16
849.5                     7.4352530970715664E16
850                       7.424369966851848E16
850.5                     7.413216704561976E16
851                       7.4017922790889456E16
851.5                     7.3898896708246592E16
852                       7.3776557588236304E16
852.5                     7.3651067599460064E16
853                       7.3522414483140832E16
853.5                     7.3390585972325984E16
854                       7.3255569791924432E16
854.5                     7.3117353658743472E16
855                       7.2975925281525744E16
855.5                     7.283127236098624E16
856                       7.26833825898488E16
856.5                     7.2531850864120144E16
857                       7.2376605221819904E16
857.5                     7.2217947153910064E16
858                       7.2055863676137992E16
858.5                     7.1890341795919232E16
859                       7.1721368512375992E16
859.5                     7.154893081637556E16
860                       7.1373015690568768E16
860.5                     7.1193610109428176E16
861                       7.1010701039286272E16
861.5                     7.082433771162004E16
862                       7.063485185511628E16
862.5                     7.044190530885664E16
863                       7.02454853845964E16
863.5                     7.0045579386439008E16
864                       6.984217461087276E16
864.5                     6.963525834680744E16
865                       6.942481787561052E16
865.5                     6.921084047114384E16
866                       6.8993313399799592E16
866.5                     6.8772223920537032E16
867                       6.8548609869260128E16
867.5                     6.8321954766108656E16
868                       6.8091951494227864E16
868.5                     6.7858588430304064E16
869                       6.7621853944647152E16
869.5                     6.738173640122296E16
870                       6.7138224157685232E16
870.5                     6.68913055654078E16
871                       6.6640968969516728E16
871.5                     6.638720270892204E16
872                       6.6130746704639424E16
872.5                     6.5872322484195752E16
873                       6.5610809089529848E16
873.5                     6.5346196523351208E16
874                       6.5078474783566784E16
874.5                     6.4807633863307312E16
875                       6.4533663750953608E16
875.5                     6.4256554430162616E16
876                       6.3976295879893864E16
876.5                     6.3692878074435216E16
877                       6.3406290983429344E16
877.5                     6.311907618678936E16
878                       6.2829139449897104E16
878.5                     6.25364638996606E16
879                       6.2241041529469224E16
879.5                     6.1942864329663912E16
880                       6.164192428755676E16
880.5                     6.1338213387450464E16
881                       6.1031723610657688E16
881.5                     6.0722446935520416E16
882                       6.041037533742924E16
882.5                     6.00971865027622E16
883                       5.9782664144241544E16
883.5                     5.9465834275937336E16
884                       5.9146691106370216E16
884.5                     5.8825228842772976E16
885                       5.8501441691103136E16
885.5                     5.817532385605496E16
886                       5.7846869541071808E16
886.5                     5.7516072948358032E16
887                       5.7182928278891576E16
887.5                     5.6848067863234496E16
888                       5.6513328112039744E16
888.5                     5.6176759389973832E16
889                       5.5838358223880448E16
889.5                     5.5498121141018472E16
890                       5.5156044669066992E16
890.5                     5.4812125336130144E16
891                       5.4466359670742368E16
891.5                     5.4118744201873184E16
892                       5.3769275458932176E16
892.5                     5.3417949971774056E16
893                       5.3067284321481408E16
893.5                     5.2715716025677104E16
894                       5.2362823434810032E16
894.5                     5.2008605406561904E16
895                       5.1653060800609368E16
895.5                     5.1296188478621648E16
896                       5.0937987304258768E16
896.5                     5.05784561431696E16
897                       5.0217593862989664E16
897.5                     4.9855399333339376E16
898                       4.9493168450946544E16
898.5                     4.9131503322175408E16
899                       4.8769031815958992E16
899.5                     4.84057550548456E16
900                       4.8041674164787776E16
900.5                     4.767679027513376E16
901                       4.7311104518619096E16
901.5                     4.6944618031358016E16
902                       4.657733195283504E16
902.5                     4.6209247425896552E16
903                       4.5840564696459416E16
903.5                     4.5473723922046168E16
904                       4.5106588634223448E16
904.5                     4.473916209104188E16
905                       4.4371447555170816E16
905.5                     4.4003448293883928E16
906                       4.3635167579044888E16
906.5                     4.3266608687092832E16
907                       4.2897774899028256E16
907.5                     4.2528669500398648E16
908                       4.2159295781284064E16
908.5                     4.1791390554293048E16
909                       4.1424377258520336E16
909.5                     4.1057566031981016E16
910                       4.0690962090660088E16
910.5                     4.0324570656142312E16
911                       3.9958396955592904E16
911.5                     3.9592446221737696E16
912                       3.9226723692844088E16
912.5                     3.8861234612701312E16
913                       3.8495984230601296E16
913.5                     3.8131640001249992E16
914                       3.7769284473795264E16
914.5                     3.7407590652030576E16
915                       3.7046565477668472E16
915.5                     3.6686215898794536E16
916                       3.6326548869843584E16
916.5                     3.5967571351575724E16
917                       3.5609290311052844E16
917.5                     3.5251712721614776E16
918                       3.489484556285576E16
918.5                     3.4538695820600792E16
919                       3.4185047960936384E16
919.5                     3.3832605249426696E16
920                       3.3481247377196576E16
920.5                     3.3130982757094504E16
921                       3.278181980886504E16
921.5                     3.24337669591217E16
922                       3.2086832641319796E16
922.5                     3.1741025295729368E16
923                       3.1396353369408196E16
923.5                     3.1052825316174736E16
924                       3.0711256318083116E16
924.5                     3.0371741541944896E16
925                       3.00336735508878E16
925.5                     2.9697061937915096E16
926                       2.9361916303258456E16
926.5                     2.90282462543484E16
927                       2.869606140578452E16
927.5                     2.836537137930606E16
928                       2.8036185803762396E16
928.5                     2.770851431508354E16
929                       2.7382534987890764E16
929.5                     2.7059099337934056E16
930                       2.6737411590676588E16
930.5                     2.6417482223322744E16
931                       2.6099321720437364E16
931.5                     2.5782940573914672E16
932                       2.5468349282946804E16
932.5                     2.5155558353992944E16
933                       2.4844578300748028E16
933.5                     2.4535419644111792E16
934                       2.4228092912157704E16
934.5                     2.3923167536513716E16
935                       2.3620373879622124E16
935.5                     2.3319575575108508E16
936                       2.3020783695813864E16
936.5                     2.2724009321859736E16
937                       2.242926354061608E16
937.5                     2.2136557446669428E16
938                       2.1845902141791016E16
938.5                     2.1557308734905036E16
939                       2.1270788342056776E16
939.5                     2.098647565795058E16
940                       2.070449181100126E16
940.5                     2.0424674065888904E16
941                       2.014703379846996E16
941.5                     1.9871582391677548E16
942                       1.9598331235489388E16
942.5                     1.9327291726895956E16
943                       1.9058475269868612E16
943.5                     1.8791893275327808E16
944                       1.8527557161111372E16
944.5                     1.826547803358478E16
945                       1.8005622171283116E16
945.5                     1.7748038320632068E16
946                       1.7492737895449372E16
946.5                     1.7239732316297598E16
947                       1.6989033010452806E16
947.5                     1.6740651411873402E16
948                       1.6494598961168928E16
948.5                     1.6250887105568908E16
949                       1.6009527298891916E16
949.5                     1.5770531001514514E16
950                       1.5533673937165728E16
950.5                     1.5299004608748856E16
951                       1.50666632647597E16
951.5                     1.4836661126131342E16
952                       1.460900942008015E16
952.5                     1.4383719380075814E16
953                       1.4160802245811468E16
953.5                     1.394026926317379E16
954                       1.3722131684213228E16
954.5                     1.3506400767114248E16
955                       1.3292932736842432E16
955.5                     1.3081326919223122E16
956                       1.2872037901921888E16
956.5                     1.2665076502593782E16
957                       1.2460453544675758E16
957.5                     1.225817985735842E16
958                       1.2058266275557828E16
958.5                     1.1860723639887296E16
959                       1.166556279662934E16
959.5                     1.147279459770761E16
960                       1.1282429900658906E16
960.5                     1.1093681929594052E16
961                       1.090706928701387E16
961.5                     1.0722723885498028E16
962                       1.0540655978185878E16
962.5                     1.0360875823426358E16
963                       1.018339368475185E16
963.5                     1.000821983085203E16
964                       9.835364535547846E15
964.5                     9.664838077765488E15
965                       9.496650741510416E15
965.5                     9.330299084973084E15
966                       9.165584446880296E15
966.5                     9.003036024457149E15
967                       8.842663372697255E15
967.5                     8.684476051239271E15
968                       8.52848362434303E15
968.5                     8.374695660865672E15
969                       8.223121734237872E15
969.5                     8.073771422440074E15
970                       7.926654307978811E15
970.5                     7.781675149871704E15
971                       7.637750555420295E15
971.5                     7.495859133102887E15
972                       7.356009650123424E15
972.5                     7.21821087776659E15
973                       7.082471591376317E15
973.5                     6.948800570334324E15
974                       6.81720659803872E15
974.5                     6.687698461882648E15
975                       6.560284953232961E15
975.5                     6.434974867408949E15
976                       6.310835458779393E15
976.5                     6.188215188574536E15
977                       6.067479611270089E15
977.5                     5.948636656238632E15
978                       5.831694256367404E15
978.5                     5.716660348039288E15
979                       5.603542871113811E15
979.5                     5.49234976890823E15
980                       5.383088988178622E15
980.5                     5.275768479101008E15
981                       5.170016917907113E15
981.5                     5.065273373919163E15
982                       4.96226983628477E15
982.5                     4.86101347008857E15
983                       4.76151144345161E15
983.5                     4.663770927514472E15
984                       4.567799096420477E15
984.5                     4.473603127298906E15
985                       4.3811902002482395E15
985.5                     4.290567498319469E15
986                       4.2004795343611185E15
986.5                     4.111914281003708E15
987                       4.024905887683526E15
987.5                     3.939460650145174E15
988                       3.8555848666890615E15
988.5                     3.7732848381568395E15
989                       3.6925668679169355E15
989.5                     3.613437261850049E15
990                       3.535902328334741E15
990.5                     3.4593431333220935E15
991                       3.383861090838834E15
991.5                     3.3097907373773815E15
992                       3.237137684992737E15
992.5                     3.165907547928018E15
993                       3.0961059426017245E15
993.5                     3.027738487595039E15
994                       2.9608108036391325E15
994.5                     2.8951282130264935E15
995                       2.8300560506723475E15
995.5                     2.766226561162265E15
996                       2.703644629934823E15
996.5                     2.6423151442723305E15
997                       2.5822429932899005E15
997.5                     2.523433067924531E15
998                       2.465890260924224E15
998.5                     2.409619466837124E15
999                       2.353953885607277E15
999.5                     2.2992468160045165E15
1000                      2.2456436446413912E15
1000.5                    2.1931486441717185E15
1001                      2.1417660887975648E15
1001.5                    2.0915002542598558E15
1002                      2.042355417828988E15
1002.5                    1.9943358582954755E15
1003                      1.947155083154913E15
1003.5                    1.900551667546693E15
1004                      1.854918289141482E15
1004.5                    1.8102586584497155E15
1005                      1.7665764872804942E15
1005.5                    1.7238754887335312E15
1006                      1.6821593771911292E15
1006.5                    1.6414318683101535E15
1007                      1.601696679014047E15
1007.5                    1.5623153862077088E15
1008                      1.523786543924684E15
1008.5                    1.4861206754136322E15
1009                      1.4493210273793305E15
1009.5                    1.413390847614349E15
1010                      1.378333384992128E15
1010.5                    1.3441518894600728E15
1011                      1.3106163189864868E15
1011.5                    1.2775378782836582E15
1012                      1.2452035072126412E15
1012.5                    1.2136159831450852E15
1013                      1.1827780843565728E15
1013.5                    1.1526925900207622E15
1014                      1.1233622802035522E15
1014.5                    1.0947899358572489E15
1015                      1.0665651331366931E15
1015.5                    1.038921670672987E15
1016                      1.0119271458271605E15
1016.5                    9.855839513885572E14
1017                      9.598944808965396E14
1017.5                    9.348611286355192E14
1018                      9.10486289629996E14
1018.5                    8.866595628423849E14
1019                      8.631368496979862E14
1019.5                    8.40175238535807E14
1020                      8.177767802317168E14
1020.5                    7.959435262846481E14
1021                      7.746775288123844E14
1021.5                    7.539808405473608E14
1022                      7.338555148324738E14
1022.5                    7.140563945764626E14
1023                      6.94658274982153E14
1023.5                    6.757522598772071E14
1024                      6.573401240253522E14
1024.5                    6.394236427079766E14
1025                      6.220045917205418E14
1025.5                    6.050847473690046E14
1026                      5.883807678931011E14
1026.5                    5.720673228531281E14
1027                      5.5617477228321394E14
1027.5                    5.407046211143708E14
1028                      5.2565837470252356E14
1028.5                    5.110375388255041E14
1029                      4.9682444825531456E14
1029.5                    4.827912262726454E14
1030                      4.691201697265693E14
1030.5                    4.5581256548338094E14
1031                      4.428697007630676E14
1031.5                    4.3029286313676406E14
1032                      4.180833405242111E14
1032.5                    4.0618612038410906E14
1033                      3.944690148156021E14
1033.5                    3.8306358682429494E14
1034                      3.7197093339609044E14
1034.5                    3.6119215180802856E14
1035                      3.5072833962614244E14
1035.5                    3.405805947033212E14
1036                      3.306640344647246E14
1036.5                    3.209257288161651E14
1037                      3.1145447558184406E14
1037.5                    3.0225120588059575E14
1038                      2.933168510697114E14
1038.5                    2.846523427431421E14
1039                      2.7625861272970825E14
1039.5                    2.680366505426235E14
1040                      2.5999773683910044E14
1040.5                    2.5219032373588128E14
1041                      2.446152099199661E14
1041.5                    2.372731942752328E14
1042                      2.3016507588091662E14
1042.5                    2.232237956226351E14
1043                      2.1642327186317516E14
1043.5                    2.0981880905753375E14
1044                      2.0341107946077362E14
1044.5                    1.9720075548888978E14
1045                      1.9118850971754075E14
1045.5                    1.8533537718209747E14
1046                      1.7959524335175866E14
1046.5                    1.7402298025045238E14
1047                      1.6861915944068912E14
1047.5                    1.6338435261760888E14
1048                      1.5831913160791612E14
1048.5                    1.534020255364707E14
1049                      1.485721848256915E14
1049.5                    1.4388575135113953E14
1050                      1.3934320995314223E14
1050.5                    1.3494504558100819E14
1051                      1.30691743292131E14
1051.5                    1.2657489838170298E14
1052                      1.225243585486796E14
1052.5                    1.185959309691722E14
1053                      1.1479002560464666E14
1053.5                    1.111070525057733E14
1054                      1.075474218116782E14
1054.5                    1.0411154374919481E14
1055                      1.0072675710873016E14
1055.5                    9.744475758193431E13
1056                      9.42667050287468E13
1056.5                    9.119294492993002E13
1057                      8.822382283833144E13
1057.5                    8.53596843782597E13
1058                      8.254716887547334E13
1058.5                    7.981446414739444E13
1059                      7.716961303028117E13
1059.5                    7.46129055187228E13
1060                      7.214463166579405E13
1060.5                    6.976508158253762E13
1061                      6.743921217352856E13
1061.5                    6.517682107155219E13
1062                      6.298963594421498E13
1062.5                    6.08779030861369E13
1063                      5.884186883982402E13
1063.5                    5.687392204030156E13
1064                      5.4943758268066164E13
1064.5                    5.307657396632357E13
1065                      5.127257459459791E13
1065.5                    4.9531965651320164E13
1066                      4.785495267346821E13
1066.5                    4.62192464076994E13
1067                      4.462836066531467E13
1067.5                    4.3091036727755945E13
1068                      4.160744799146499E13
1068.5                    4.01777678844957E13
1069                      3.879783791293059E13
1069.5                    3.744558917155595E13
1070                      3.61386840287807E13
1070.5                    3.4877268591520688E13
1071                      3.3661488992562945E13
1071.5                    3.249149139031435E13
1072                      3.135191582116812E13
1072.5                    3.0243673992790977E13
1073                      2.9173852239919934E13
1073.5                    2.814257341049537E13
1074                      2.714996037335907E13
1074.5                    2.6193659551723562E13
1075                      2.5256283581320223E13
1075.5                    2.4351268032118746E13
1076                      2.3478715897311523E13
1076.5                    2.2638730187085957E13
1077                      2.1831413928450652E13
1077.5                    2.1046211661921168E13
1078                      2.0282587798760973E13
1078.5                    1.9546227390684574E13
1079                      1.8837216550640594E13
1079.5                    1.8155641405203676E13
1080                      1.7500391633305945E13
1080.5                    1.6859003719952193E13
1081                      1.6240822322586361E13
1081.5                    1.5645920336377055E13
1082                      1.5074370667639428E13
1082.5                    1.4524886858366365E13
1083                      1.3987402646495396E13
1083.5                    1.3469329438900475E13
1084                      1.297072792126299E13
1084.5                    1.2491658788239508E13
1085                      1.2030829010192285E13
1085.5                    1.1580794083899406E13
1086                      1.1147204589746455E13
1086.5                    1.0730111664726102E13
1087                      1.0329566453128127E13
1087.5                    9.944224041165666E12
1088                      9.56815690105213E12
1088.5                    9.206012957167812E12
1089                      8.857835268381717E12
1089.5                    8.523666899484682E12
1090                      8.202147345644698E12
1090.5                    7.888563726696225E12
1091                      7.586748136369288E12
1091.5                    7.296736770782449E12
1092                      7.018565830846761E12
1092.5                    6.750890049044055E12
1093                      6.4899857746156455E12
1093.5                    6.239007176335224E12
1094                      5.997984618377184E12
1094.5                    5.76694846878215E12
1095                      5.544593277322832E12
1095.5                    5.328003783246226E12
1096                      5.119767119086493E12
1096.5                    4.919908699811814E12
1097                      4.728453943498701E12
1097.5                    4.544155726008633E12
1098                      4.364757580490173E12
1098.5                    4.1923722846078975E12
1099                      4.0270210618872925E12
1099.5                    3.8687251383439546E12
1100                      3.7163088077523804E12
