0                         0
0.1                       5.483500765262713E-20
0.2                       7.570218045316293E-6
0.30000000000000004       13.340277770798638
0.4                       36357.76777826018
0.5                       5861239.505595918
0.6000000000000001        2.9783739027882856E8
0.7000000000000001        4.600617578301891E9
0.8                       3.656408770620943E10
0.9                       1.908507727697286E11
1                         7.397666539985475E11
1.1                       2.3015254106208613E12
1.2000000000000002        5.8575239137219375E12
1.3                       1.2919994351215275E13
1.4000000000000001        2.5437057378307184E13
1.5                       4.5768468781018484E13
1.6                       7.654652337259938E13
1.7000000000000002        1.2057816486789025E14
1.8                       1.8096597750039525E14
1.9000000000000001        2.5975515698885178E14
2                         3.591578739672671E14
2.1                       4.809029765004055E14
2.2                       6.264561614539638E14
2.3000000000000003        7.971277528251858E14
2.4000000000000004        9.933344762528991E14
2.5                       1.2150061612823548E15
2.6                       1.4621760950643812E15
2.7                       1.7344304709897435E15
2.8000000000000003        2.0312606732787318E15
2.9000000000000004        2.352312165744433E15
3                         2.695839593436311E15
3.1                       3.0621888825715535E15
3.2                       3.4482509827785585E15
3.3000000000000003        3.855243177608955E15
3.4000000000000004        4.278911294907893E15
3.5                       4.72082432440303E15
3.6                       5.177191408577518E15
3.7                       5.648479997695902E15
3.8000000000000003        6.132133767555878E15
3.9000000000000004        6.627407249117852E15
4                         7.132988509246407E15
4.1000000000000005        7.647137323119688E15
4.2                       8.168732783544979E15
4.3                       8.693785266689165E15
4.4                       9.224248431343334E15
4.5                       9.760122277507486E15
4.6000000000000005        1.0300851353530296E16
4.7                       1.08405322977773E16
4.800000000000001         1.1383074721706454E16
4.9                       1.192847862531774E16
5                         1.247674400861117E16
5.1000000000000005        1.3021649247347926E16
5.2                       1.3565041779255146E16
5.300000000000001         1.4108221282874292E16
5.4                       1.4651187758205344E16
5.5                       1.5191169049451674E16
5.6000000000000005        1.5726272952204412E16
5.7                       1.6258796364269852E16
5.800000000000001         1.6788739285648012E16
5.9                       1.7315416408418238E16
6                         1.7835474468465488E16
6.1000000000000005        1.8351286309082704E16
6.2                       1.8862851930269892E16
6.300000000000001         1.9370171332027052E16
6.4                       1.986994427228236E16
6.5                       2.0363651094451668E16
6.6000000000000005        2.0851661525746044E16
6.7                       2.13339755661655E16
6.800000000000001         2.181059321571002E16
6.9                       2.2281514474379612E16
7                         2.2746739342174276E16
7.1000000000000005        2.3206267819094008E16
7.2                       2.3659721207616424E16
7.300000000000001         2.410624021227044E16
7.4                       2.4546744134427324E16
7.5                       2.498123297408708E16
7.6000000000000005        2.5409706731249708E16
7.7                       2.5832165405915216E16
7.800000000000001         2.6248608998083604E16
7.9                       2.6659037507754856E16
8                         2.7063450934928992E16
8.1                       2.746157827771828E16
8.200000000000001         2.7853475494352204E16
8.3                       2.823926864956814E16
8.4                       2.8618957743366096E16
8.5                       2.899254277574608E16
8.6                       2.9360023746708088E16
8.700000000000001         2.9721400656252128E16
8.8                       3.0076673504378176E16
8.9                       3.0425906453551848E16
9                         3.0770506308315936E16
9.1                       3.1109318488819604E16
9.200000000000001         3.144234299506284E16
9.3                       3.176957982704566E16
9.4                       3.2091028984768048E16
9.5                       3.2406690468230004E16
9.600000000000001         3.2716564277431544E16
9.700000000000001         3.3020650412372656E16
9.8                       3.3320011478391648E16
9.9                       3.3615343613078572E16
10                        3.39054263302491E16
10.100000000000001        3.4190259629903212E16
10.200000000000001        3.4469843512040924E16
10.3                      3.474417797666222E16
10.4                      3.5013263023767116E16
10.5                      3.5277098653355596E16
10.600000000000001        3.5535684865427684E16
10.700000000000001        3.5791420712917032E16
10.8                      3.6042974491516912E16
10.9                      3.6289894421009616E16
11                        3.6532180501395184E16
11.100000000000001        3.6769832732673584E16
11.200000000000001        3.7002851114844816E16
11.3                      3.7231235647908888E16
11.4                      3.74549863318658E16
11.5                      3.7675060645648176E16
11.600000000000001        3.7894596485412896E16
11.700000000000001        3.8110504860110496E16
11.8                      3.8322785769740968E16
11.9                      3.853143921430432E16
12                        3.873646519380056E16
12.100000000000001        3.893786370822968E16
12.200000000000001        3.9135634757591672E16
12.3                      3.9329778341886552E16
12.4                      3.9520294461114296E16
12.5                      3.9707183115274928E16
12.600000000000001        3.989044430436844E16
12.700000000000001        4.0070078028394832E16
12.8                      4.0246084287354104E16
12.9                      4.0418463081246264E16
13                        4.0587214410071296E16
13.100000000000001        4.07523382738292E16
13.200000000000001        4.0913834672519984E16
13.3                      4.1076837343617896E16
13.4                      4.1236804785275824E16
13.5                      4.1393711399758944E16
13.600000000000001        4.154755718706728E16
13.700000000000001        4.1698342147200792E16
13.8                      4.1846066280159504E16
13.9                      4.19907295859434E16
14                        4.2132332064552496E16
14.100000000000001        4.22708737159868E16
14.200000000000001        4.240635454024628E16
14.3                      4.2538774537330952E16
14.4                      4.2668133707240824E16
14.5                      4.2794432049975888E16
14.600000000000001        4.2917669565536144E16
14.700000000000001        4.3037846253921592E16
14.8                      4.3157960677367336E16
14.9                      4.3278626683877008E16
15                        4.3396987802561656E16
15.100000000000001        4.3513044033421304E16
15.200000000000001        4.3626795376455928E16
15.3                      4.3738241831665544E16
15.4                      4.3847383399050136E16
15.5                      4.395422007860972E16
15.600000000000001        4.4058751870344288E16
15.700000000000001        4.4160978774253832E16
15.8                      4.4260900790338368E16
15.9                      4.4358517918597888E16
16                        4.4453830159032392E16
16.1                      4.4546837511641888E16
16.2                      4.4637539976426352E16
16.3                      4.4725937553385816E16
16.400000000000002        4.4816763866927288E16
16.5                      4.4905873094143792E16
16.6                      4.4993252933188176E16
16.7                      4.5078903384060416E16
16.8                      4.5162824446760536E16
16.900000000000002        4.5245016121288528E16
17                        4.5325478407644384E16
17.1                      4.5404211305828112E16
17.2                      4.5481214815839696E16
17.3                      4.5556488937679168E16
17.400000000000002        4.5630033671346504E16
17.5                      4.5701849016841712E16
17.6                      4.57719349741648E16
17.7                      4.5840291543315736E16
17.8                      4.5906918724294552E16
17.900000000000002        4.5973563542502912E16
18                        4.6040564899328672E16
18.1                      4.6106275026651752E16
18.2                      4.6170693924472168E16
18.3                      4.6233821592789912E16
18.400000000000002        4.6295658031605008E16
18.5                      4.6356203240917416E16
18.6                      4.6415457220727168E16
18.7                      4.6473419971034248E16
18.8                      4.6530091491838656E16
18.900000000000002        4.65854717831404E16
19                        4.6639560844939456E16
19.1                      4.669235867723588E16
19.200000000000003        4.6743865280029616E16
19.3                      4.679408065332068E16
19.400000000000002        4.684300479710908E16
19.5                      4.6893353967551752E16
19.6                      4.694274195899468E16
19.700000000000003        4.6991168083145168E16
19.8                      4.70386323400032E16
19.900000000000002        4.7085134729568808E16
20                        4.713067525184196E16
20.1                      4.7175253906822664E16
20.200000000000003        4.7218870694510928E16
20.3                      4.726152561490676E16
20.400000000000002        4.7303218668010128E16
20.5                      4.7343949853821064E16
20.6                      4.738371917233956E16
20.700000000000003        4.7422526623565616E16
20.8                      4.7460372207499224E16
20.900000000000002        4.7497255924140384E16
21                        4.7534163469604944E16
21.1                      4.7571275588758032E16
21.200000000000003        4.7607671789232136E16
21.3                      4.7643352071027224E16
21.400000000000002        4.7678316434143328E16
21.5                      4.771256487858044E16
21.6                      4.774609740433852E16
21.700000000000003        4.7778914011417632E16
21.8                      4.781101469981772E16
21.900000000000002        4.7842399469538832E16
22                        4.7873068320580928E16
22.1                      4.790302125294404E16
22.200000000000003        4.7932258266628128E16
22.3                      4.7960779361633224E16
22.400000000000002        4.7988584537959328E16
22.5                      4.8015678513312096E16
22.6                      4.8044314802705248E16
22.700000000000003        4.8072509417345528E16
22.8                      4.8100262357232952E16
22.900000000000002        4.8127573622367544E16
23                        4.815444321274928E16
23.1                      4.8180871128378176E16
23.200000000000003        4.8206857369254216E16
23.3                      4.8232401935377408E16
23.400000000000002        4.8257504826747752E16
23.5                      4.8282166043365248E16
23.6                      4.8306385585229888E16
23.700000000000003        4.833016345234168E16
23.8                      4.8353499644700632E16
23.900000000000002        4.8376394162306744E16
24                        4.8398847005159984E16
24.1                      4.8420858173260392E16
24.200000000000003        4.8442427666607936E16
24.3                      4.8463555485202648E16
24.400000000000002        4.8484241629044488E16
24.5                      4.8504486098133496E16
24.6                      4.8524288892469664E16
24.700000000000003        4.8543650012052968E16
24.8                      4.8562569456883416E16
24.900000000000002        4.8581047226961024E16
25                        4.8599083322285784E16
25.1                      4.8616677742857704E16
25.200000000000003        4.8633830488676768E16
25.3                      4.8650541559742976E16
25.400000000000002        4.8666810956056336E16
25.5                      4.8682638677616848E16
25.6                      4.8698033745479776E16
25.700000000000003        4.8714956001296256E16
25.8                      4.8731560173336304E16
25.900000000000002        4.8747846261599912E16
26                        4.876381426608708E16
26.1                      4.8779464186797816E16
26.200000000000003        4.8794796023732096E16
26.3                      4.8809809776889944E16
26.400000000000002        4.8824505446271368E16
26.5                      4.8838883031876336E16
26.6                      4.8852942533704888E16
26.700000000000003        4.8866683951756984E16
26.8                      4.888010728603264E16
26.900000000000002        4.889321253653188E16
27                        4.8905999703254672E16
27.1                      4.8918468786201016E16
27.200000000000003        4.8930619785370928E16
27.3                      4.8942452700764408E16
27.400000000000002        4.895396753238144E16
27.5                      4.8965164280222048E16
27.6                      4.8976042944286208E16
27.700000000000003        4.8986603524573928E16
27.8                      4.8996846021085216E16
27.900000000000002        4.9006770433820064E16
28                        4.901637676277848E16
28.1                      4.9025665007960448E16
28.200000000000003        4.9034635169365984E16
28.3                      4.904328724699508E16
28.400000000000002        4.9051621240847736E16
28.5                      4.905963715092396E16
28.6                      4.9067334977223752E16
28.700000000000003        4.9074729575480808E16
28.8                      4.9083922150126296E16
28.900000000000002        4.9092929773702104E16
29                        4.9101752446208256E16
29.1                      4.9110390167644728E16
29.200000000000003        4.9118842938011528E16
29.3                      4.9127110757308656E16
29.400000000000002        4.9135193625536112E16
29.5                      4.9143091542693904E16
29.6                      4.9150804508782016E16
29.700000000000003        4.9158332523800472E16
29.8                      4.9165675587749248E16
29.900000000000002        4.9172833700628336E16
30                        4.9179806862437768E16
30.1                      4.9186595073177528E16
30.200000000000003        4.9193198332847624E16
30.3                      4.9199616641448048E16
30.400000000000002        4.9205849998978792E16
30.5                      4.921189840543988E16
30.6                      4.9217761860831288E16
30.700000000000003        4.9223440365153016E16
30.8                      4.922893391840508E16
30.900000000000002        4.923424252058748E16
31                        4.92393661717002E16
31.1                      4.9244304871743248E16
31.200000000000003        4.9249058620716624E16
31.3                      4.9253627418620344E16
31.400000000000002        4.9258011265454376E16
31.5                      4.9262210161218744E16
31.6                      4.926622410591344E16
31.700000000000003        4.9270053099538464E16
31.8                      4.9273709714480608E16
31.900000000000002        4.9278508899359072E16
32                        4.9283206844833344E16
32.1                      4.928780355090344E16
32.2                      4.9292299017569352E16
32.300000000000004        4.9296693244831088E16
32.4                      4.930098623268864E16
32.5                      4.9305177981142024E16
32.6                      4.9309268490191232E16
32.7                      4.9313257759836256E16
32.800000000000004        4.9317145790077104E16
32.9                      4.9320932580913768E16
33                        4.9324618132346256E16
33.1                      4.9328202444374568E16
33.2                      4.9331685516998688E16
33.300000000000004        4.9335067350218648E16
33.4                      4.9338347944034424E16
33.5                      4.9341527298446016E16
33.6                      4.9344605413453424E16
33.7                      4.9347582289056664E16
33.800000000000004        4.9350457925255728E16
33.9                      4.9353232322050608E16
34                        4.9355905479441304E16
34.1                      4.9358477397427824E16
34.2                      4.9360948076010168E16
34.300000000000004        4.9363317515188328E16
34.4                      4.936558571496232E16
34.5                      4.9367752675332128E16
34.6                      4.9369818396297768E16
34.7                      4.9371782877859208E16
34.800000000000004        4.937364612001648E16
34.9                      4.93754171802906E16
35                        4.937784607950696E16
35.1                      4.9380221715031928E16
35.2                      4.9382544086865536E16
35.300000000000004        4.9384813195007768E16
35.4                      4.9387029039458632E16
35.5                      4.9389191620218128E16
35.6                      4.9391300937286248E16
35.7                      4.9393356990663016E16
35.800000000000004        4.93953597803484E16
35.9                      4.9397309306342408E16
36                        4.9399205568645048E16
36.1                      4.940104856725632E16
36.2                      4.9402838302176232E16
36.300000000000004        4.940457477340476E16
36.4                      4.940625798094192E16
36.5                      4.9407887924787712E16
36.6                      4.9409464604942128E16
36.7                      4.9410988021405184E16
36.800000000000004        4.9412458174176856E16
36.9                      4.9413875063257176E16
37                        4.941523868864612E16
37.1                      4.9416549050343688E16
37.2                      4.9417806148349888E16
37.300000000000004        4.9419009982664712E16
37.4                      4.9420160553288168E16
37.5                      4.9421257860220264E16
37.6                      4.9422301903460984E16
37.7                      4.942329268301032E16
37.800000000000004        4.9424230198868304E16
37.9                      4.9425114451034912E16
38                        4.9425953319401544E16
38.1                      4.9427285925644272E16
38.2                      4.9428599919220984E16
38.300000000000004        4.9429895300131672E16
38.400000000000006        4.943117206837632E16
38.5                      4.9432430223954952E16
38.6                      4.9433669766867544E16
38.7                      4.943489069711412E16
38.800000000000004        4.9436093014694656E16
38.900000000000006        4.9437276719609168E16
39                        4.9438441811857656E16
39.1                      4.9439588291440112E16
39.2                      4.9440716158356544E16
39.300000000000004        4.9441825412606944E16
39.400000000000006        4.944291605419132E16
39.5                      4.9443988083109664E16
39.6                      4.9445041499361984E16
39.7                      4.9446076302948264E16
39.800000000000004        4.9447092493868536E16
39.900000000000006        4.9448090072122768E16
40                        4.9449069037710952E16
40.1                      4.9450029390633144E16
40.2                      4.9450971130889288E16
40.300000000000004        4.94518942584794E16
40.400000000000006        4.9452798773403496E16
40.5                      4.945368467566156E16
40.6                      4.9454551965253584E16
40.7                      4.9455400642179608E16
40.800000000000004        4.9456230706439576E16
40.900000000000006        4.9457042158033528E16
41                        4.9457834996961448E16
41.1                      4.9458609223223336E16
41.2                      4.9459364836819192E16
41.300000000000004        4.9460101837749048E16
41.400000000000006        4.9460820226012848E16
41.5                      4.9461520001610632E16
41.6                      4.9462201164542376E16
41.7                      4.9462863714808104E16
41.800000000000004        4.94635076524078E16
41.900000000000006        4.9464132977341464E16
42                        4.9464739689609096E16
42.1                      4.946532778921072E16
42.2                      4.9465897276146296E16
42.300000000000004        4.9466448150415856E16
42.400000000000006        4.9466980412019384E16
42.5                      4.946749406095688E16
42.6                      4.9467989097228344E16
42.7                      4.9468465520833784E16
42.800000000000004        4.9468923331773192E16
42.900000000000006        4.9469362530046576E16
43                        4.9469783115653936E16
43.1                      4.9470185088595264E16
43.2                      4.9470568448870576E16
43.300000000000004        4.947093319647984E16
43.400000000000006        4.9471279331423088E16
43.5                      4.9471606853700296E16
43.6                      4.947191576331148E16
43.7                      4.947220606025664E16
43.800000000000004        4.9472477744535784E16
43.900000000000006        4.947273081614888E16
44                        4.9472965275095952E16
44.1                      4.9473181121377E16
44.2                      4.9473374555021648E16
44.300000000000004        4.947336922449248E16
44.400000000000006        4.9473363893963312E16
44.5                      4.9473358563434128E16
44.6                      4.947335323290496E16
44.7                      4.9473347902375792E16
44.800000000000004        4.94733425718466E16
44.900000000000006        4.947333724131744E16
45                        4.9473331910788256E16
45.1                      4.9473326580259088E16
45.2                      4.9473321249729912E16
45.300000000000004        4.9473315919200736E16
45.400000000000006        4.947331058867156E16
45.5                      4.9473305258142392E16
45.6                      4.9473299927613216E16
45.7                      4.947329459708404E16
45.800000000000004        4.9473289266554872E16
45.900000000000006        4.9473283936025696E16
46                        4.947327860549652E16
46.1                      4.9473273274967352E16
46.2                      4.9473267944438176E16
46.300000000000004        4.9473262613909E16
46.400000000000006        4.9473257283379832E16
46.5                      4.9473251952850656E16
46.6                      4.947324662232148E16
46.7                      4.9473241291792312E16
46.800000000000004        4.9473235961263128E16
46.900000000000006        4.947323063073396E16
47                        4.9473225300204776E16
47.1                      4.9473219969675608E16
47.2                      4.9473214639146432E16
47.300000000000004        4.9473209308617256E16
47.400000000000006        4.947320397808808E16
47.5                      4.9473198647558912E16
47.6                      4.9473193317029736E16
47.7                      4.947318798650056E16
47.800000000000004        4.9473182655971392E16
47.900000000000006        4.9473177325442216E16
48                        4.947317199491304E16
48.1                      4.9473166664383872E16
48.2                      4.9473161333854696E16
48.300000000000004        4.9473156003325512E16
48.400000000000006        4.9473150672796352E16
48.5                      4.9473145342267176E16
48.6                      4.9473140011738E16
48.7                      4.9473134681208832E16
48.800000000000004        4.9473129350679648E16
48.900000000000006        4.947312402015048E16
49                        4.9473118689621296E16
49.1                      4.9473113359092136E16
49.2                      4.9473108028562952E16
49.300000000000004        4.9473102698033776E16
49.400000000000006        4.9473097367504608E16
49.5                      4.9473092036975432E16
49.6                      4.9473086706446256E16
49.7                      4.9473081375917088E16
49.800000000000004        4.9473076045387912E16
49.900000000000006        4.9473070714858736E16
50                        4.9473065384329568E16
50.1                      4.9473060053800392E16
50.2                      4.9473054723271216E16
50.300000000000004        4.947304939274204E16
50.400000000000006        4.9473044062212872E16
50.5                      4.9473038731683688E16
50.6                      4.947303340115452E16
50.7                      4.9473028070625352E16
50.800000000000004        4.9473022740096168E16
50.900000000000006        4.9473017409567E16
51                        4.9473012079037816E16
51.1                      4.9473006748508656E16
51.2                      4.9473001417979472E16
51.300000000000004        4.9472996087450296E16
51.400000000000006        4.9472990756921128E16
51.5                      4.9472985426391952E16
51.6                      4.9472980095862776E16
51.7                      4.9472974765333608E16
51.800000000000004        4.9472969434804432E16
51.900000000000006        4.9472964104275256E16
52                        4.9472958773746088E16
52.1                      4.9472953443216896E16
52.2                      4.9472948112687736E16
52.300000000000004        4.947294278215856E16
52.400000000000006        4.9472937451629392E16
52.5                      4.9472932121100208E16
52.6                      4.947292679057104E16
52.7                      4.9472921460041856E16
52.800000000000004        4.9472916129512688E16
52.900000000000006        4.9472910798983528E16
53                        4.9472905468454336E16
53.1                      4.9472900137925168E16
53.2                      4.9472894807396E16
53.300000000000004        4.9472889476866816E16
53.400000000000006        4.9472884146337648E16
53.5                      4.947287881580848E16
53.6                      4.9472873485279296E16
53.7                      4.9472868154750128E16
53.800000000000004        4.947286282422096E16
53.900000000000006        4.9472857493691776E16
54                        4.9472852163162608E16
54.1                      4.9472846832633416E16
54.2                      4.9472841425556912E16
54.300000000000004        4.9472832198322344E16
54.400000000000006        4.947282297108776E16
54.5                      4.9472813743853192E16
54.6                      4.9472804516618616E16
54.7                      4.9472795289384048E16
54.800000000000004        4.9472786062149456E16
54.900000000000006        4.9472776834914888E16
55                        4.9472767607680312E16
55.1                      4.9472758380445736E16
55.2                      4.9472749153211168E16
55.300000000000004        4.9472739925976576E16
55.400000000000006        4.9472730698742008E16
55.5                      4.9472721471507432E16
55.6                      4.9472712244272864E16
55.7                      4.947270301703828E16
55.800000000000004        4.9472693789803712E16
55.900000000000006        4.9472684562569136E16
56                        4.9472675335334568E16
56.1                      4.9472666108099976E16
56.2                      4.9472656880865408E16
56.300000000000004        4.9472647653630824E16
56.400000000000006        4.9472638426396256E16
56.5                      4.947262919916168E16
56.6                      4.9472619971927096E16
56.7                      4.9472610744692528E16
56.800000000000004        4.9472601517457952E16
56.900000000000006        4.9472592290223384E16
57                        4.94725830629888E16
57.1                      4.9472573835754232E16
57.2                      4.9472564608519656E16
57.300000000000004        4.9472555381285072E16
57.400000000000006        4.9472546154050496E16
57.5                      4.9472536926815928E16
57.6                      4.9472527699581344E16
57.7                      4.9472518472346776E16
57.800000000000004        4.94725092451122E16
57.900000000000006        4.9472500017877632E16
58                        4.947249079064304E16
58.1                      4.9472481563408472E16
58.2                      4.9472472336173896E16
58.300000000000004        4.947246310893932E16
58.400000000000006        4.9472453881704752E16
58.5                      4.947244465447016E16
58.6                      4.9472435427235592E16
58.7                      4.9472426200001016E16
58.800000000000004        4.9472416972766448E16
58.900000000000006        4.9472407745531864E16
59                        4.9472398518297296E16
59.1                      4.947238929106272E16
59.2                      4.9472380063828136E16
59.300000000000004        4.947237083659356E16
59.400000000000006        4.9472361609358992E16
59.5                      4.9472352382124408E16
59.6                      4.947234315488984E16
59.7                      4.9472333927655264E16
59.800000000000004        4.9472324700420696E16
59.900000000000006        4.9472315473186104E16
60                        4.9472306245951536E16
60.1                      4.9472297018716968E16
60.2                      4.9472287791482384E16
60.300000000000004        4.9472278564247816E16
60.400000000000006        4.9472269337013224E16
60.5                      4.9472260109778656E16
60.6                      4.947225088254408E16
60.7                      4.9472241655309512E16
60.800000000000004        4.9472232428074928E16
60.900000000000006        4.947222320084036E16
61                        4.9472213973605784E16
61.1                      4.9472204746371208E16
61.2                      4.9472195519136624E16
61.300000000000004        4.9472186291902056E16
61.400000000000006        4.9472177064667472E16
61.5                      4.9472167837432904E16
61.6                      4.9472158610198336E16
61.7                      4.9472149382963752E16
61.800000000000004        4.9472140155729176E16
61.900000000000006        4.94721309284946E16
62                        4.9472121701260032E16
62.1                      4.9472112474025456E16
62.2                      4.947210324679088E16
62.300000000000004        4.9472094019556288E16
62.400000000000006        4.947208479232172E16
62.5                      4.9472075565087144E16
62.6                      4.9472066337852576E16
62.7                      4.9472057110617992E16
62.800000000000004        4.9472047883383424E16
62.900000000000006        4.9472038656148848E16
63                        4.9472029428914272E16
63.1                      4.9472020201679688E16
63.2                      4.947201097444512E16
63.300000000000004        4.9472001747210544E16
63.400000000000006        4.9471992519975968E16
63.5                      4.94719832927414E16
63.6                      4.9471974065506816E16
63.7                      4.947196483827224E16
63.800000000000004        4.9471955611037664E16
63.900000000000006        4.9471946383803096E16
64                        4.947193715656852E16
64.10000000000001         4.9471927929333944E16
64.2                      4.9471918800159752E16
64.3                      4.9471914564770488E16
64.4                      4.9471910329381208E16
64.5                      4.9471906093991928E16
64.60000000000001         4.9471901858602656E16
64.7                      4.9471897623213376E16
64.8                      4.9471893387824096E16
64.9                      4.9471889152434816E16
65                        4.9471884917045536E16
65.10000000000001         4.9471880681656256E16
65.2                      4.9471876446266984E16
65.3                      4.9471872210877704E16
65.4                      4.9471867975488432E16
65.5                      4.947186374009916E16
65.60000000000001         4.947185950470988E16
65.7                      4.9471855269320592E16
65.8                      4.9471851033931328E16
65.9                      4.947184679854204E16
66                        4.9471842563152768E16
66.10000000000001         4.947183832776348E16
66.2                      4.9471834092374208E16
66.3                      4.9471829856984936E16
66.4                      4.9471825621595656E16
66.5                      4.9471821386206384E16
66.60000000000001         4.9471817150817096E16
66.7                      4.9471812915427824E16
66.8                      4.9471808680038544E16
66.9                      4.9471804444649272E16
67                        4.9471800209259992E16
67.10000000000001         4.9471795973870704E16
67.2                      4.9471791738481432E16
67.3                      4.9471787503092168E16
67.4                      4.947178326770288E16
67.5                      4.94717790323136E16
67.60000000000001         4.9471774796924336E16
67.7                      4.9471770561535048E16
67.8                      4.9471766326145776E16
67.9                      4.9471762090756488E16
68                        4.9471757855367216E16
68.10000000000001         4.9471753619977944E16
68.2                      4.9471749384588656E16
68.3                      4.9471745149199384E16
68.4                      4.9471740913810104E16
68.5                      4.9471736678420832E16
68.60000000000001         4.9471732443031544E16
68.7                      4.947172820764228E16
68.8                      4.9471723972253E16
68.9                      4.9471719736863712E16
69                        4.947171550147444E16
69.10000000000001         4.947171126608516E16
69.2                      4.9471707030695888E16
69.3                      4.9471702795306616E16
69.4                      4.9471698559917328E16
69.5                      4.9471694324528056E16
69.60000000000001         4.9471690089138784E16
69.7                      4.9471685853749496E16
69.8                      4.9471681618360232E16
69.9                      4.9471677382970944E16
70                        4.9471673147581664E16
70.10000000000001         4.9471668912192392E16
70.2                      4.947166467680312E16
70.3                      4.947166044141384E16
70.4                      4.9471656206024552E16
70.5                      4.947165197063528E16
70.60000000000001         4.9471647735246008E16
70.7                      4.9471643499856728E16
70.8                      4.9471639264467448E16
70.9                      4.9471635029078168E16
71                        4.9471630793688896E16
71.10000000000001         4.9471626558299608E16
71.2                      4.9471622322910336E16
71.3                      4.9471618087521064E16
71.4                      4.9471613852131784E16
71.5                      4.9471609616742504E16
71.60000000000001         4.947160538135324E16
71.7                      4.9471601145963952E16
71.8                      4.9471596910574672E16
71.9                      4.9471592675185392E16
72                        4.947158843979612E16
72.10000000000001         4.9471584204406848E16
72.2                      4.947157996901756E16
72.3                      4.9471575733628288E16
72.4                      4.9471571498239008E16
72.5                      4.9471567262849736E16
72.60000000000001         4.9471563027460456E16
72.7                      4.9471558792071176E16
72.8                      4.9471554556681904E16
72.9                      4.9471550321292616E16
73                        4.9471546085903344E16
73.10000000000001         4.947154185051408E16
73.2                      4.9471537615124784E16
73.3                      4.9471533379735512E16
73.4                      4.9471529144346232E16
73.5                      4.947152490895696E16
73.60000000000001         4.9471520673567688E16
73.7                      4.94715164381784E16
73.8                      4.9471512202789128E16
73.9                      4.9471507967399848E16
74                        4.9471503732010568E16
74.10000000000001         4.947149949662128E16
74.2                      4.947149531956348E16
74.3                      4.9471494053585648E16
74.4                      4.9471492787607816E16
74.5                      4.9471491521629984E16
74.60000000000001         4.9471490255652152E16
74.7                      4.947148898967432E16
74.8                      4.947148772369648E16
74.9                      4.9471486457718648E16
75                        4.9471485191740816E16
75.10000000000001         4.9471483925762976E16
75.2                      4.9471482659785144E16
75.3                      4.9471481393807312E16
75.4                      4.947148012782948E16
75.5                      4.9471478861851648E16
75.60000000000001         4.9471477595873808E16
75.7                      4.9471476329895976E16
75.8                      4.9471475063918144E16
75.9                      4.9471473797940312E16
76                        4.9471472531962472E16
76.10000000000001         4.947147126598464E16
76.2                      4.9471470000006808E16
76.3                      4.9471468734028968E16
76.4                      4.9471467468051136E16
76.5                      4.9471466202073304E16
76.60000000000001         4.9471464936095472E16
76.7                      4.947146367011764E16
76.80000000000001         4.9471462404139808E16
76.9                      4.9471461138161968E16
77                        4.9471459872184136E16
77.10000000000001         4.9471458606206296E16
77.2                      4.9471457340228464E16
77.30000000000001         4.9471456074250632E16
77.4                      4.94714548082728E16
77.5                      4.9471453542294968E16
77.60000000000001         4.9471452276317136E16
77.7                      4.9471451010339304E16
77.80000000000001         4.9471449744361472E16
77.9                      4.9471448478383624E16
78                        4.9471447212405792E16
78.10000000000001         4.947144594642796E16
78.2                      4.9471444680450128E16
78.30000000000001         4.9471443414472296E16
78.4                      4.9471442148494464E16
78.5                      4.9471440882516632E16
78.60000000000001         4.94714396165388E16
78.7                      4.947143835056096E16
78.80000000000001         4.947143708458312E16
78.9                      4.9471435818605288E16
79                        4.9471434552627456E16
79.10000000000001         4.9471433286649624E16
79.2                      4.9471432020671792E16
79.30000000000001         4.947143075469396E16
79.4                      4.947142948871612E16
79.5                      4.9471428222738288E16
79.60000000000001         4.9471426956760456E16
79.7                      4.9471425690782616E16
79.80000000000001         4.9471424424804784E16
79.9                      4.9471423158826952E16
80                        4.947142189284912E16
80.10000000000001         4.9471420626871288E16
80.2                      4.9471419360893448E16
80.30000000000001         4.9471418094915616E16
80.4                      4.9471416828937784E16
80.5                      4.9471415562959952E16
80.60000000000001         4.947141429698212E16
80.7                      4.947141303100428E16
80.80000000000001         4.9471411765026448E16
80.9                      4.9471410499048616E16
81                        4.9471409233070776E16
81.10000000000001         4.9471407967092944E16
81.2                      4.9471406701115112E16
81.30000000000001         4.947140543513728E16
81.4                      4.9471404169159448E16
81.5                      4.9471402903181616E16
81.60000000000001         4.9471401637203776E16
81.7                      4.9471400371225944E16
81.80000000000001         4.9471399105248104E16
81.9                      4.9471397839270272E16
82                        4.947139657329244E16
82.10000000000001         4.9471395307314608E16
82.2                      4.9471394041336776E16
82.30000000000001         4.9471392775358944E16
82.4                      4.9471391509381112E16
82.5                      4.9471390243403264E16
82.60000000000001         4.9471388977425432E16
82.7                      4.94713877114476E16
82.80000000000001         4.9471386445469768E16
82.9                      4.9471385179491936E16
83                        4.9471383913514104E16
83.10000000000001         4.9471382647536272E16
83.2                      4.947138138155844E16
83.30000000000001         4.94713801155806E16
83.4                      4.9471378849602768E16
83.5                      4.9471377583624928E16
83.60000000000001         4.9471376317647096E16
83.7                      4.9471375051669264E16
83.80000000000001         4.9471373785691432E16
83.9                      4.94713725197136E16
84                        4.9471371253735768E16
84.10000000000001         4.9471369987757928E16
84.2                      4.9471368742117904E16
84.30000000000001         4.9471368511453088E16
84.4                      4.947136828078828E16
84.5                      4.9471368050123472E16
84.60000000000001         4.9471367819458656E16
84.7                      4.947136758879384E16
84.80000000000001         4.947136735812904E16
84.9                      4.9471367127464224E16
85                        4.94713668967994E16
85.10000000000001         4.9471366666134592E16
85.2                      4.9471366435469784E16
85.30000000000001         4.9471366204804976E16
85.4                      4.947136597414016E16
85.5                      4.9471365743475352E16
85.60000000000001         4.9471365512810536E16
85.7                      4.9471365282145736E16
85.80000000000001         4.9471365051480912E16
85.9                      4.9471364820816096E16
86                        4.9471364590151288E16
86.10000000000001         4.9471364359486472E16
86.2                      4.9471364128821672E16
86.30000000000001         4.9471363898156848E16
86.4                      4.9471363667492048E16
86.5                      4.9471363436827224E16
86.60000000000001         4.9471363206162416E16
86.7                      4.9471362975497608E16
86.80000000000001         4.9471362744832792E16
86.9                      4.9471362514167984E16
87                        4.9471362283503168E16
87.10000000000001         4.9471362052838368E16
87.2                      4.9471361822173544E16
87.30000000000001         4.9471361591508728E16
87.4                      4.947136136084392E16
87.5                      4.9471361130179112E16
87.60000000000001         4.9471360899514296E16
87.7                      4.947136066884948E16
87.80000000000001         4.9471360438184664E16
87.9                      4.9471360207519864E16
88                        4.9471359976855048E16
88.10000000000001         4.9471359746190232E16
88.2                      4.9471359515525424E16
88.30000000000001         4.9471359284860616E16
88.4                      4.94713590541958E16
88.5                      4.9471358823530976E16
88.60000000000001         4.9471358592866176E16
88.7                      4.947135836220136E16
88.80000000000001         4.9471358131536552E16
88.9                      4.9471357900871736E16
89                        4.9471357670206928E16
89.10000000000001         4.947135743954212E16
89.2                      4.9471357208877296E16
89.30000000000001         4.9471356978212496E16
89.4                      4.9471356747547672E16
89.5                      4.9471356516882872E16
89.60000000000001         4.9471356286218056E16
89.7                      4.9471356055553248E16
89.80000000000001         4.9471355824888432E16
89.9                      4.9471355594223616E16
90                        4.9471355363558808E16
90.10000000000001         4.9471355132893992E16
90.2                      4.9471354902229184E16
90.30000000000001         4.9471354671564368E16
90.4                      4.9471354440899552E16
90.5                      4.9471354210234752E16
90.60000000000001         4.9471353979569936E16
90.7                      4.947135374890512E16
90.80000000000001         4.9471353518240304E16
90.9                      4.9471353287575504E16
91                        4.9471353056910688E16
91.10000000000001         4.9471352826245864E16
91.2                      4.9471352595581056E16
91.30000000000001         4.9471352364916248E16
91.4                      4.947135213425144E16
91.5                      4.9471351903586616E16
91.60000000000001         4.9471351672921816E16
91.7                      4.9471351442257E16
91.80000000000001         4.94713512115922E16
91.9                      4.9471350980927376E16
92                        4.947135075026256E16
92.10000000000001         4.9471350519597752E16
92.2                      4.9471350288932944E16
92.30000000000001         4.9471350058268136E16
92.4                      4.9471349827603312E16
92.5                      4.9471349596938512E16
92.60000000000001         4.9471349366273696E16
92.7                      4.947134913560888E16
92.80000000000001         4.9471348904944072E16
92.9                      4.9471348674279256E16
93                        4.9471348443614448E16
93.10000000000001         4.9471348212949632E16
93.2                      4.9471347982284832E16
93.30000000000001         4.9471347751620008E16
93.4                      4.9471347520955192E16
93.5                      4.9471347290290384E16
93.60000000000001         4.9471347059625576E16
93.7                      4.947134682896076E16
93.80000000000001         4.9471346598295944E16
93.9                      4.9471346367631144E16
94                        4.9471346136966328E16
94.10000000000001         4.9471345906301512E16
94.2                      4.9471345680313272E16
94.30000000000001         4.9471345687713368E16
94.4                      4.9471345695113464E16
94.5                      4.947134570251356E16
94.60000000000001         4.947134570991364E16
94.7                      4.9471345717313744E16
94.80000000000001         4.9471345724713832E16
94.9                      4.9471345732113936E16
95                        4.9471345739514016E16
95.10000000000001         4.9471345746914112E16
95.2                      4.94713457543142E16
95.30000000000001         4.9471345761714304E16
95.4                      4.9471345769114384E16
95.5                      4.947134577651448E16
95.60000000000001         4.9471345783914576E16
95.7                      4.9471345791314672E16
95.80000000000001         4.947134579871476E16
95.9                      4.9471345806114856E16
96                        4.9471345813514944E16
96.10000000000001         4.9471345820915048E16
96.2                      4.947134582831512E16
96.30000000000001         4.9471345835715224E16
96.4                      4.9471345843115312E16
96.5                      4.9471345850515416E16
96.60000000000001         4.9471345857915496E16
96.7                      4.9471345865315592E16
96.80000000000001         4.9471345872715688E16
96.9                      4.9471345880115784E16
97                        4.9471345887515872E16
97.10000000000001         4.9471345894915968E16
97.2                      4.9471345902316056E16
97.30000000000001         4.9471345909716152E16
97.4                      4.947134591711624E16
97.5                      4.9471345924516336E16
97.60000000000001         4.9471345931916424E16
97.7                      4.9471345939316528E16
97.80000000000001         4.9471345946716608E16
97.9                      4.9471345954116704E16
98                        4.94713459615168E16
98.10000000000001         4.9471345968916896E16
98.2                      4.9471345976316992E16
98.30000000000001         4.947134598371708E16
98.4                      4.9471345991117168E16
98.5                      4.9471345998517264E16
98.60000000000001         4.9471346005917352E16
98.7                      4.9471346013317448E16
98.80000000000001         4.9471346020717536E16
98.9                      4.947134602811764E16
99                        4.947134603551772E16
99.10000000000001         4.9471346042917824E16
99.2                      4.9471346050317912E16
99.30000000000001         4.9471346057718008E16
99.4                      4.9471346065118104E16
99.5                      4.9471346072518184E16
99.60000000000001         4.947134607991828E16
99.7                      4.9471346087318376E16
99.80000000000001         4.9471346094718472E16
99.9                      4.947134610211856E16
100                       4.9471346109518648E16
