300                       1.860256172080426E16
308                       4.2354546906619472E16
316                       9.3368014207938512E16
324                       1.96346130230851776E17
332                       3.9216155002526016E17
340                       7.3667221940852762E17
348                       1.28465136419699942E18
356                       2.05991137569956096E18
364                       3.0298112191815977E18
372                       4.1164966585065416E18
380                       5.2385226564424018E18
388                       6.3330918479652403E18
396                       7.351952495527938E18
404                       8.250566846450135E18
412                       8.9852379692978637E18
420                       9.516094908836305E18
428                       9.815259400664664E18
436                       9.87690053100053E18
444                       9.724484064002574E18
452                       9.40983678175584E18
460                       9.0005312457605724E18
468                       8.5590489474977638E18
476                       8.1252860343129764E18
484                       7.7129926408670003E18
492                       7.319067174957952E18
500                       6.9367142833196165E18
508                       6.5658859994275953E18
516                       6.2193810071246582E18
524                       5.9246164122642924E18
532                       5.7199388895004375E18
540                       5.6431897827782093E18
548                       5.7125647403393802E18
556                       5.9114720982705838E18
564                       6.1841656755058094E18
572                       6.4547004361259489E18
580                       6.6633072481040916E18
588                       6.7939006369288223E18
596                       6.8579977071292682E18
604                       6.846042689459071E18
612                       6.7149237548156918E18
620                       6.4158943162777262E18
628                       5.9113826272002376E18
636                       5.1844043276981791E18
644                       4.2556377040533878E18
652                       3.2049861395541171E18
660                       2.1792963336536384E18
668                       1.35383903910477747E18
676                       8.3191790033711206E17
684                       5.7050067055160102E17
692                       4.458374717630919E17
700                       3.7173405398557696E17
708                       3.1799823466212614E17
716                       2.75950158941985312E17
724                       2.41798348432070272E17
732                       2.13385672791098432E17
740                       1.89344414544084352E17
748                       1.6875094246085488E17
756                       1.50953519414966784E17
764                       1.35493160561442176E17
772                       1.2208612256693096E17
780                       1.10598347917960192E17
788                       1.0111204136032496E17
796                       9.3665545549774768E16
804                       8.8241776006659328E16
812                       8.4730381775169088E16
820                       8.269470661983112E16
828                       8.1591615900384544E16
836                       8.0768885798670032E16
844                       7.9723176292638656E16
852                       7.803547780324064E16
860                       7.5494415734145056E16
868                       7.2023573892525304E16
876                       6.7669731754131008E16
884                       6.2560663375145816E16
892                       5.6874550781147576E16
900                       5.081290326006984E16
908                       4.4595485729514176E16
916                       3.842096483312992E16
924                       3.2485747035867492E16
932                       2.6937713507098916E16
940                       2.1900110359145472E16
948                       1.744710672547025E16
956                       1.3615180427968116E16
964                       1.040370469756593E16
972                       7.781212259986645E15
980                       5.693978018791015E15
988                       4.0788145992288055E15
996                       2.858607510671708E15
1004                      1.9609840393212998E15
1012                      1.316911087581062E15
1020                      8.651627442656256E14
1028                      5.5621263387733875E14
1036                      3.497481217169547E14
1044                      2.153560279393485E14
1052                      1.2969561071561538E14
1060                      7.639113800721161E13
1068                      4.407314400006034E13
1076                      2.4874096403474594E13
1084                      1.3747483548695402E13
1092                      7.438547130985459E12
1100                      3.9393621039329277E12
