5.000000000000000000e-01 5.280867142364579010e+10
1.000000000000000000e+00 4.830223551459329224e+11
1.500000000000000000e+00 2.336366734173965820e+12
2.000000000000000000e+00 7.965728247142030273e+12
2.500000000000000000e+00 2.152620290280435156e+13
3.000000000000000000e+00 4.915058623653344531e+13
3.500000000000000000e+00 9.869973510371346875e+13
4.000000000000000000e+00 1.791402377034146250e+14
4.500000000000000000e+00 2.997112803781586250e+14
5.000000000000000000e+00 4.690717559550977500e+14
5.500000000000000000e+00 6.945826960886992500e+14
6.000000000000000000e+00 9.818136971286397500e+14
6.500000000000000000e+00 1.334296052123379500e+15
7.000000000000000000e+00 1.753497127863526500e+15
7.500000000000000000e+00 2.238964547830183250e+15
8.000000000000000000e+00 2.788581464978057000e+15
8.500000000000000000e+00 3.398879203751208000e+15
9.000000000000000000e+00 4.065364649924640500e+15
9.500000000000000000e+00 4.782832445851801000e+15
1.000000000000000000e+01 5.545643620719390000e+15
1.050000000000000000e+01 6.347961532689862000e+15
1.100000000000000000e+01 7.183942665518734000e+15
1.150000000000000000e+01 8.047884169841268000e+15
1.200000000000000000e+01 8.934332544214254000e+15
1.250000000000000000e+01 9.838159017132010000e+15
1.300000000000000000e+01 1.075460746032110000e+16
1.350000000000000000e+01 1.167932038271898400e+16
1.400000000000000000e+01 1.260834797564644800e+16
1.450000000000000000e+01 1.353814447371859400e+16
1.500000000000000000e+01 1.446555537116770400e+16
1.550000000000000000e+01 1.538779835228866600e+16
1.600000000000000000e+01 1.630244018956362800e+16
1.650000000000000000e+01 1.720737134567266400e+16
1.700000000000000000e+01 1.810077958603044000e+16
1.750000000000000000e+01 1.898112356006555200e+16
1.800000000000000000e+01 1.984710703241477600e+16
1.850000000000000000e+01 2.069765422882983600e+16
1.900000000000000000e+01 2.153188659546622000e+16
1.950000000000000000e+01 2.234910114488360400e+16
2.000000000000000000e+01 2.314875046929321600e+16
2.050000000000000000e+01 2.393042443439077200e+16
2.100000000000000000e+01 2.469383351977584800e+16
2.150000000000000000e+01 2.543879373982894000e+16
2.200000000000000000e+01 2.616521305828318800e+16
2.250000000000000000e+01 2.687307919765407200e+16
2.300000000000000000e+01 2.756244873889162800e+16
2.350000000000000000e+01 2.823343740532895600e+16
2.400000000000000000e+01 2.888621142686522400e+16
2.450000000000000000e+01 2.952097988432072800e+16
2.500000000000000000e+01 3.013798793926880400e+16
2.550000000000000000e+01 3.073751086082066800e+16
2.600000000000000000e+01 3.131984876740101200e+16
2.650000000000000000e+01 3.188532200821274800e+16
2.700000000000000000e+01 3.243426711564063600e+16
2.750000000000000000e+01 3.296703326614966000e+16
2.800000000000000000e+01 3.348397919320556000e+16
2.850000000000000000e+01 3.398547050132948400e+16
2.900000000000000000e+01 3.447187733557120000e+16
2.950000000000000000e+01 3.494357236544015200e+16
3.000000000000000000e+01 3.540092904667420400e+16
3.050000000000000000e+01 3.584432012817292000e+16
3.100000000000000000e+01 3.627411637498972800e+16
3.150000000000000000e+01 3.669068548149656800e+16
3.200000000000000000e+01 3.709439115172605600e+16
3.250000000000000000e+01 3.748559232648995200e+16
3.300000000000000000e+01 3.786464253919152800e+16
3.350000000000000000e+01 3.823188938432154400e+16
3.400000000000000000e+01 3.858767408447381600e+16
3.450000000000000000e+01 3.893233114335987200e+16
3.500000000000000000e+01 3.926618807376499200e+16
3.550000000000000000e+01 3.958956519068448800e+16
3.600000000000000000e+01 3.990277546103397600e+16
3.650000000000000000e+01 4.020612440234600000e+16
3.700000000000000000e+01 4.049991002377345600e+16
3.750000000000000000e+01 4.078442280351885600e+16
3.800000000000000000e+01 4.105994569752121600e+16
3.850000000000000000e+01 4.132675417485642400e+16
3.900000000000000000e+01 4.158511627586342400e+16
3.950000000000000000e+01 4.183529268949799200e+16
4.000000000000000000e+01 4.207753684684857600e+16
4.050000000000000000e+01 4.231209502813104800e+16
4.100000000000000000e+01 4.253920648081502400e+16
4.150000000000000000e+01 4.275910354683440000e+16
4.200000000000000000e+01 4.297201179709331200e+16
4.250000000000000000e+01 4.317815017171266400e+16
4.300000000000000000e+01 4.337773112466516000e+16
4.350000000000000000e+01 4.357096077162443200e+16
4.400000000000000000e+01 4.375803904001341600e+16
4.450000000000000000e+01 4.393915982037540000e+16
4.500000000000000000e+01 4.411451111831171200e+16
4.550000000000000000e+01 4.428427520633934400e+16
4.600000000000000000e+01 4.444862877511401600e+16
4.650000000000000000e+01 4.460774308354708000e+16
4.700000000000000000e+01 4.476178410741853600e+16
4.750000000000000000e+01 4.491091268614886400e+16
4.800000000000000000e+01 4.505528466745063200e+16
4.850000000000000000e+01 4.519505104962795200e+16
4.900000000000000000e+01 4.533035812133369600e+16
4.950000000000000000e+01 4.546134759863296000e+16
5.000000000000000000e+01 4.558815675925161600e+16
5.050000000000000000e+01 4.571091857391727200e+16
5.100000000000000000e+01 4.582976183472540800e+16
5.150000000000000000e+01 4.594481128048243200e+16
5.200000000000000000e+01 4.605618771899640000e+16
5.250000000000000000e+01 4.616400814630284800e+16
5.300000000000000000e+01 4.626838586282428000e+16
5.350000000000000000e+01 4.636943058647528800e+16
5.400000000000000000e+01 4.646724856273454400e+16
5.450000000000000000e+01 4.656194267171136800e+16
5.500000000000000000e+01 4.665361253224554400e+16
5.550000000000000000e+01 4.674235460308028000e+16
5.600000000000000000e+01 4.682826228115633600e+16
5.650000000000000000e+01 4.691142599707693600e+16
5.700000000000000000e+01 4.699193330779966400e+16
5.750000000000000000e+01 4.706986898660884000e+16
5.800000000000000000e+01 4.714531511042940000e+16
5.850000000000000000e+01 4.721835114454057600e+16
5.900000000000000000e+01 4.728905402475100800e+16
5.950000000000000000e+01 4.735749823709656000e+16
6.000000000000000000e+01 4.742375589512271200e+16
6.050000000000000000e+01 4.748789681481344800e+16
6.100000000000000000e+01 4.754998858722845600e+16
6.150000000000000000e+01 4.761009664890956000e+16
6.200000000000000000e+01 4.766828435011755200e+16
6.250000000000000000e+01 4.772461302095926400e+16
6.300000000000000000e+01 4.777914203546408000e+16
6.350000000000000000e+01 4.783192887366782400e+16
6.400000000000000000e+01 4.788302918176196800e+16
6.450000000000000000e+01 4.793249683036387200e+16
6.500000000000000000e+01 4.798038397096269600e+16
6.550000000000000000e+01 4.802674109059580800e+16
6.600000000000000000e+01 4.807161706480754400e+16
6.650000000000000000e+01 4.811505920894181600e+16
6.700000000000000000e+01 4.815711332781947200e+16
6.750000000000000000e+01 4.819782376384805600e+16
6.800000000000000000e+01 4.823723344361289600e+16
6.850000000000000000e+01 4.827538392299551200e+16
6.900000000000000000e+01 4.831231543086393600e+16
6.950000000000000000e+01 4.834806691138018400e+16
7.000000000000000000e+01 4.838267606496619200e+16
7.050000000000000000e+01 4.841617938797108800e+16
7.100000000000000000e+01 4.844861221107928800e+16
7.150000000000000000e+01 4.848000873649885600e+16
7.200000000000000000e+01 4.851040207396868800e+16
7.250000000000000000e+01 4.853982427562066400e+16
7.300000000000000000e+01 4.856830636973338400e+16
7.350000000000000000e+01 4.859587839341200000e+16
7.400000000000000000e+01 4.862256942422758400e+16
7.450000000000000000e+01 4.864840761084974400e+16
7.500000000000000000e+01 4.867342020270312000e+16
7.550000000000000000e+01 4.869763357867934400e+16
7.600000000000000000e+01 4.872107327493404800e+16
7.650000000000000000e+01 4.874376401179760800e+16
7.700000000000000000e+01 4.876572971982867200e+16
7.750000000000000000e+01 4.878699356503608800e+16
7.800000000000000000e+01 4.880757797329686400e+16
7.850000000000000000e+01 4.882750465399547200e+16
7.900000000000000000e+01 4.884679462290832800e+16
7.950000000000000000e+01 4.886546822435895200e+16
8.000000000000000000e+01 4.888354515266528000e+16
8.050000000000000000e+01 4.890104447290330400e+16
8.100000000000000000e+01 4.891798464100718400e+16
8.150000000000000000e+01 4.893438352322861600e+16
8.200000000000000000e+01 4.895025841497405600e+16
8.250000000000000000e+01 4.896562605904136800e+16
8.300000000000000000e+01 4.898050266327376000e+16
8.350000000000000000e+01 4.899490391764984800e+16
8.400000000000000000e+01 4.900884501082872800e+16
8.450000000000000000e+01 4.902234064616577600e+16
8.500000000000000000e+01 4.903540505721768800e+16
8.550000000000000000e+01 4.904805202275192000e+16
8.600000000000000000e+01 4.906029488127687200e+16
8.650000000000000000e+01 4.907214654510803200e+16
8.700000000000000000e+01 4.908361951398490400e+16
8.750000000000000000e+01 4.909472588825256800e+16
8.800000000000000000e+01 4.910547738162271200e+16
8.850000000000000000e+01 4.911588533352684000e+16
8.900000000000000000e+01 4.912596072107460800e+16
8.950000000000000000e+01 4.913571417063039200e+16
9.000000000000000000e+01 4.914515596902012000e+16
9.050000000000000000e+01 4.915429607438002400e+16
9.100000000000000000e+01 4.916314412665849600e+16
9.150000000000000000e+01 4.917170945778276000e+16
9.200000000000000000e+01 4.918000110150083200e+16
9.250000000000000000e+01 4.918802780290867200e+16
9.300000000000000000e+01 4.919579802767316000e+16
9.350000000000000000e+01 4.920331997096062400e+16
9.400000000000000000e+01 4.921060156607956000e+16
9.450000000000000000e+01 4.921765049284777600e+16
9.500000000000000000e+01 4.922447418569188800e+16
9.550000000000000000e+01 4.923107984148816000e+16
9.600000000000000000e+01 4.923747442715264000e+16
9.650000000000000000e+01 4.924366468698919200e+16
9.700000000000000000e+01 4.924965714980216800e+16
9.750000000000000000e+01 4.925545813578242400e+16
9.800000000000000000e+01 4.926107376317285600e+16
9.850000000000000000e+01 4.926650995472116800e+16
9.900000000000000000e+01 4.927177244392663200e+16
9.950000000000000000e+01 4.927686678108672800e+16
1.000000000000000000e+02 4.928179833915124800e+16
