1.000000000000000021e-02 1.137780510991651418e-13
2.100000000000000130e-02 3.495377239384622798e-11
3.310000000000000442e-02 4.760616198380504102e-09
4.641000000000000680e-02 3.855460403156706404e-07
6.105100000000000804e-02 2.100510938482783157e-05
7.715610000000000523e-02 8.255747674152702541e-04
9.487171000000001186e-02 2.450801181241536730e-02
1.143588810000000233e-01 5.679675237949360911e-01
1.357947691000000456e-01 1.053844047042219323e+01
1.593742460100000535e-01 1.597508220716188134e+02
1.853116706110000678e-01 2.011786154401030899e+03
2.138428376721000779e-01 2.134780259873814794e+04
2.452271214393101084e-01 1.932396507299052028e+05
2.797498335832411254e-01 1.508401211045104312e+06
3.177248169415652912e-01 1.025229521508383751e+07
3.594972986357218292e-01 6.120857614560683072e+07
4.054470284992940377e-01 3.235664195216940045e+08
4.559917313492234947e-01 1.525711402909141302e+09
5.115909044841459030e-01 6.461065425641934395e+09
5.727499949325605133e-01 2.473000104652367401e+10
6.400249944258166179e-01 8.606458591529812622e+10
7.140274938683983663e-01 2.738702050024215393e+11
7.954302432552382562e-01 8.011038277988615723e+11
8.849732675807621129e-01 2.164899955945892090e+12
9.834705943388384330e-01 5.430770116673020508e+12
1.091817653772722441e+00 1.270357776521506250e+13
1.210999419149994871e+00 2.782928835026564453e+13
1.342099361064994500e+00 5.732835542155792969e+13
1.486309297171493959e+00 1.114864868419639688e+14
1.644940226888643497e+00 2.054339647228169688e+14
1.819434249577507989e+00 3.599585058779263750e+14
2.011377674535258731e+00 6.017545224900567500e+14
2.222515441988784701e+00 9.628431325597327500e+14
2.454766986187663314e+00 1.479011484540165750e+15
2.710243684806429965e+00 2.187298198868670250e+15
2.991268053287073236e+00 3.122751398639049000e+15
3.300394858615780969e+00 4.314854341360460500e+15
3.640434344477359474e+00 5.784106374790286000e+15
4.014477778925095386e+00 7.539241204420474000e+15
4.425925556817604800e+00 9.575465152979196000e+15
4.878518112499365955e+00 1.187393333950158200e+16
5.376369923749303226e+00 1.440249205708636600e+16
5.924006916124233690e+00 1.711754152054097600e+16
6.526407607736657290e+00 1.996674498016935200e+16
7.189048368510323250e+00 2.289224327507031200e+16
7.917953205361356162e+00 2.583402837153406000e+16
8.719748525897491831e+00 2.873317362468736400e+16
9.601723378487241334e+00 3.153469382379662400e+16
1.057189571633596614e+01 3.418989398053112000e+16
1.163908528796956432e+01 3.665814403466748000e+16
1.281299381676652160e+01 3.890807447117213600e+16
1.410429319844317497e+01 4.091822018323684800e+16
1.552472251828749350e+01 4.267714979157583200e+16
1.708719477011624477e+01 4.418311460342711200e+16
1.880591424712786974e+01 4.544324804502557600e+16
2.069650567184065793e+01 4.647235365561508000e+16
2.277615623902472564e+01 4.729134265498732000e+16
2.506377186292720083e+01 4.792541775576612800e+16
2.758014904921992283e+01 4.840213822778404000e+16
3.034816395414191703e+01 4.874952866809508000e+16
3.339298034955611172e+01 4.899439842366021600e+16
3.674227838451172801e+01 4.916101415170600800e+16
4.042650622296290663e+01 4.927021710162302400e+16
4.447915684525919744e+01 4.933900989165841600e+16
4.893707252978511946e+01 4.938057010515423200e+16
5.384077978276363297e+01 4.940459509067688000e+16
5.923485776104000422e+01 4.941785424891927200e+16
6.516834353714401118e+01 4.942482453261951200e+16
7.169517789085841741e+01 4.942830696509952800e+16
7.887469567994426711e+01 4.942995677946415200e+16
8.677216524793870178e+01 4.943069628359768800e+16
9.545938177273258418e+01 4.943100921351657600e+16
1.000000000000000000e+02 4.943109829877107200e+16
