300.800000 
301.600000 
302.400000 
303.200000 
304.000000 
304.800000 
305.600000 
306.400000 
307.200000 
308.000000 
308.800000 
309.600000 
310.400000 
311.200000 
312.000000 
312.800000 
313.600000 
314.400000 
315.200000 
316.000000 
316.800000 
317.600000 
318.400000 
319.200000 
320.000000 
320.800000 
321.600000 
322.400000 
323.200000 
324.000000 
324.800000 
325.600000 
326.400000 
327.200000 
328.000000 
328.800000 
329.600000 
330.400000 
331.200000 
332.000000 
332.800000 
333.600000 
334.400000 
335.200000 
336.000000 
336.800000 
337.600000 
338.400000 
339.200000 
340.000000 
340.800000 
341.600000 
342.400000 
343.200000 
344.000000 
344.800000 
345.600000 
346.400000 
347.200000 
348.000000 
348.800000 
349.600000 
350.400000 
351.200000 
352.000000 
352.800000 
353.600000 
354.400000 
355.200000 
356.000000 
356.800000 
357.600000 
358.400000 
359.200000 
360.000000 
360.800000 
361.600000 
362.400000 
363.200000 
364.000000 
364.800000 
365.600000 
366.400000 
367.200000 
368.000000 
368.800000 
369.600000 
370.400000 
371.200000 
372.000000 
372.800000 
373.600000 
374.400000 
375.200000 
376.000000 
376.800000 
377.600000 
378.400000 
379.200000 
380.000000 
380.800000 
381.600000 
382.400000 
383.200000 
384.000000 
384.800000 
385.600000 
386.400000 
387.200000 
388.000000 
388.800000 
389.600000 
390.400000 
391.200000 
392.000000 
392.800000 
393.600000 
394.400000 
395.200000 
396.000000 
396.800000 
397.600000 
398.400000 
399.200000 
400.000000 
400.800000 
401.600000 
402.400000 
403.200000 
404.000000 
404.800000 
405.600000 
406.400000 
407.200000 
408.000000 
408.800000 
409.600000 
410.400000 
411.200000 
412.000000 
412.800000 
413.600000 
414.400000 
415.200000 
416.000000 
416.800000 
417.600000 
418.400000 
419.200000 
420.000000 
420.800000 
421.600000 
422.400000 
423.200000 
424.000000 
424.800000 
425.600000 
426.400000 
427.200000 
428.000000 
428.800000 
429.600000 
430.400000 
431.200000 
432.000000 
432.800000 
433.600000 
434.400000 
435.200000 
436.000000 
436.800000 
437.600000 
438.400000 
439.200000 
440.000000 
440.800000 
441.600000 
442.400000 
443.200000 
444.000000 
444.800000 
445.600000 
446.400000 
447.200000 
448.000000 
448.800000 
449.600000 
450.400000 
451.200000 
452.000000 
452.800000 
453.600000 
454.400000 
455.200000 
456.000000 
456.800000 
457.600000 
458.400000 
459.200000 
460.000000 
460.800000 
461.600000 
462.400000 
463.200000 
464.000000 
464.800000 
465.600000 
466.400000 
467.200000 
468.000000 
468.800000 
469.600000 
470.400000 
471.200000 
472.000000 
472.800000 
473.600000 
474.400000 
475.200000 
476.000000 
476.800000 
477.600000 
478.400000 
479.200000 
480.000000 
480.800000 
481.600000 
482.400000 
483.200000 
484.000000 
484.800000 
485.600000 
486.400000 
487.200000 
488.000000 
488.800000 
489.600000 
490.400000 
491.200000 
492.000000 
492.800000 
493.600000 
494.400000 
495.200000 
496.000000 
496.800000 
497.600000 
498.400000 
499.200000 
500.000000 
500.800000 
501.600000 
502.400000 
503.200000 
504.000000 
504.800000 
505.600000 
506.400000 
507.200000 
508.000000 
508.800000 
509.600000 
510.400000 
511.200000 
512.000000 
512.800000 
513.600000 
514.400000 
515.200000 
516.000000 
516.800000 
517.600000 
518.400000 
519.200000 
520.000000 
520.800000 
521.600000 
522.400000 
523.200000 
524.000000 
524.800000 
525.600000 
526.400000 
527.200000 
528.000000 
528.800000 
529.600000 
530.400000 
531.200000 
532.000000 
532.800000 
533.600000 
534.400000 
535.200000 
536.000000 
536.800000 
537.600000 
538.400000 
539.200000 
540.000000 
540.800000 
541.600000 
542.400000 
543.200000 
544.000000 
544.800000 
545.600000 
546.400000 
547.200000 
548.000000 
548.800000 
549.600000 
550.400000 
551.200000 
552.000000 
552.800000 
553.600000 
554.400000 
555.200000 
556.000000 
556.800000 
557.600000 
558.400000 
559.200000 
560.000000 
560.800000 
561.600000 
562.400000 
563.200000 
564.000000 
564.800000 
565.600000 
566.400000 
567.200000 
568.000000 
568.800000 
569.600000 
570.400000 
571.200000 
572.000000 
572.800000 
573.600000 
574.400000 
575.200000 
576.000000 
576.800000 
577.600000 
578.400000 
579.200000 
580.000000 
580.800000 
581.600000 
582.400000 
583.200000 
584.000000 
584.800000 
585.600000 
586.400000 
587.200000 
588.000000 
588.800000 
589.600000 
590.400000 
591.200000 
592.000000 
592.800000 
593.600000 
594.400000 
595.200000 
596.000000 
596.800000 
597.600000 
598.400000 
599.200000 
600.000000 
600.800000 
601.600000 
602.400000 
603.200000 
604.000000 
604.800000 
605.600000 
606.400000 
607.200000 
608.000000 
608.800000 
609.600000 
610.400000 
611.200000 
612.000000 
612.800000 
613.600000 
614.400000 
615.200000 
616.000000 
616.800000 
617.600000 
618.400000 
619.200000 
620.000000 
620.800000 
621.600000 
622.400000 
623.200000 
624.000000 
624.800000 
625.600000 
626.400000 
627.200000 
628.000000 
628.800000 
629.600000 
630.400000 
631.200000 
632.000000 
632.800000 
633.600000 
634.400000 
635.200000 
636.000000 
636.800000 
637.600000 
638.400000 
639.200000 
640.000000 
640.800000 
641.600000 
642.400000 
643.200000 
644.000000 
644.800000 
645.600000 
646.400000 
647.200000 
648.000000 
648.800000 
649.600000 
650.400000 
651.200000 
652.000000 
652.800000 
653.600000 
654.400000 
655.200000 
656.000000 
656.800000 
657.600000 
658.400000 
659.200000 
660.000000 
660.800000 
661.600000 
662.400000 
663.200000 
664.000000 
664.800000 
665.600000 
666.400000 
667.200000 
668.000000 
668.800000 
669.600000 
670.400000 
671.200000 
672.000000 
672.800000 
673.600000 
674.400000 
675.200000 
676.000000 
676.800000 
677.600000 
678.400000 
679.200000 
680.000000 
680.800000 
681.600000 
682.400000 
683.200000 
684.000000 
684.800000 
685.600000 
686.400000 
687.200000 
688.000000 
688.800000 
689.600000 
690.400000 
691.200000 
692.000000 
692.800000 
693.600000 
694.400000 
695.200000 
696.000000 
696.800000 
697.600000 
698.400000 
699.200000 
700.000000 
700.800000 
701.600000 
702.400000 
703.200000 
704.000000 
704.800000 
705.600000 
706.400000 
707.200000 
708.000000 
708.800000 
709.600000 
710.400000 
711.200000 
712.000000 
712.800000 
713.600000 
714.400000 
715.200000 
716.000000 
716.800000 
717.600000 
718.400000 
719.200000 
720.000000 
720.800000 
721.600000 
722.400000 
723.200000 
724.000000 
724.800000 
725.600000 
726.400000 
727.200000 
728.000000 
728.800000 
729.600000 
730.400000 
731.200000 
732.000000 
732.800000 
733.600000 
734.400000 
735.200000 
736.000000 
736.800000 
737.600000 
738.400000 
739.200000 
740.000000 
740.800000 
741.600000 
742.400000 
743.200000 
744.000000 
744.800000 
745.600000 
746.400000 
747.200000 
748.000000 
748.800000 
749.600000 
750.400000 
751.200000 
752.000000 
752.800000 
753.600000 
754.400000 
755.200000 
756.000000 
756.800000 
757.600000 
758.400000 
759.200000 
760.000000 
760.800000 
761.600000 
762.400000 
763.200000 
764.000000 
764.800000 
765.600000 
766.400000 
767.200000 
768.000000 
768.800000 
769.600000 
770.400000 
771.200000 
772.000000 
772.800000 
773.600000 
774.400000 
775.200000 
776.000000 
776.800000 
777.600000 
778.400000 
779.200000 
780.000000 
780.800000 
781.600000 
782.400000 
783.200000 
784.000000 
784.800000 
785.600000 
786.400000 
787.200000 
788.000000 
788.800000 
789.600000 
790.400000 
791.200000 
792.000000 
792.800000 
793.600000 
794.400000 
795.200000 
796.000000 
796.800000 
797.600000 
798.400000 
799.200000 
800.000000 
800.800000 
801.600000 
802.400000 
803.200000 
804.000000 
804.800000 
805.600000 
806.400000 
807.200000 
808.000000 
808.800000 
809.600000 
810.400000 
811.200000 
812.000000 
812.800000 
813.600000 
814.400000 
815.200000 
816.000000 
816.800000 
817.600000 
818.400000 
819.200000 
820.000000 
820.800000 
821.600000 
822.400000 
823.200000 
824.000000 
824.800000 
825.600000 
826.400000 
827.200000 
828.000000 
828.800000 
829.600000 
830.400000 
831.200000 
832.000000 
832.800000 
833.600000 
834.400000 
835.200000 
836.000000 
836.800000 
837.600000 
838.400000 
839.200000 
840.000000 
840.800000 
841.600000 
842.400000 
843.200000 
844.000000 
844.800000 
845.600000 
846.400000 
847.200000 
848.000000 
848.800000 
849.600000 
850.400000 
851.200000 
852.000000 
852.800000 
853.600000 
854.400000 
855.200000 
856.000000 
856.800000 
857.600000 
858.400000 
859.200000 
860.000000 
860.800000 
861.600000 
862.400000 
863.200000 
864.000000 
864.800000 
865.600000 
866.400000 
867.200000 
868.000000 
868.800000 
869.600000 
870.400000 
871.200000 
872.000000 
872.800000 
873.600000 
874.400000 
875.200000 
876.000000 
876.800000 
877.600000 
878.400000 
879.200000 
880.000000 
880.800000 
881.600000 
882.400000 
883.200000 
884.000000 
884.800000 
885.600000 
886.400000 
887.200000 
888.000000 
888.800000 
889.600000 
890.400000 
891.200000 
892.000000 
892.800000 
893.600000 
894.400000 
895.200000 
896.000000 
896.800000 
897.600000 
898.400000 
899.200000 
900.000000 
900.800000 
901.600000 
902.400000 
903.200000 
904.000000 
904.800000 
905.600000 
906.400000 
907.200000 
908.000000 
908.800000 
909.600000 
910.400000 
911.200000 
912.000000 
912.800000 
913.600000 
914.400000 
915.200000 
916.000000 
916.800000 
917.600000 
918.400000 
919.200000 
920.000000 
920.800000 
921.600000 
922.400000 
923.200000 
924.000000 
924.800000 
925.600000 
926.400000 
927.200000 
928.000000 
928.800000 
929.600000 
930.400000 
931.200000 
932.000000 
932.800000 
933.600000 
934.400000 
935.200000 
936.000000 
936.800000 
937.600000 
938.400000 
939.200000 
940.000000 
940.800000 
941.600000 
942.400000 
943.200000 
944.000000 
944.800000 
945.600000 
946.400000 
947.200000 
948.000000 
948.800000 
949.600000 
950.400000 
951.200000 
952.000000 
952.800000 
953.600000 
954.400000 
955.200000 
956.000000 
956.800000 
957.600000 
958.400000 
959.200000 
960.000000 
960.800000 
961.600000 
962.400000 
963.200000 
964.000000 
964.800000 
965.600000 
966.400000 
967.200000 
968.000000 
968.800000 
969.600000 
970.400000 
971.200000 
972.000000 
972.800000 
973.600000 
974.400000 
975.200000 
976.000000 
976.800000 
977.600000 
978.400000 
979.200000 
980.000000 
980.800000 
981.600000 
982.400000 
983.200000 
984.000000 
984.800000 
985.600000 
986.400000 
987.200000 
988.000000 
988.800000 
989.600000 
990.400000 
991.200000 
992.000000 
992.800000 
993.600000 
994.400000 
995.200000 
996.000000 
996.800000 
997.600000 
998.400000 
999.200000 
1000.000000 
1000.800000 
1001.600000 
1002.400000 
1003.200000 
1004.000000 
1004.800000 
1005.600000 
1006.400000 
1007.200000 
1008.000000 
1008.800000 
1009.600000 
1010.400000 
1011.200000 
1012.000000 
1012.800000 
1013.600000 
1014.400000 
1015.200000 
1016.000000 
1016.800000 
1017.600000 
1018.400000 
1019.200000 
1020.000000 
1020.800000 
1021.600000 
1022.400000 
1023.200000 
1024.000000 
1024.800000 
1025.600000 
1026.400000 
1027.200000 
1028.000000 
1028.800000 
1029.600000 
1030.400000 
1031.200000 
1032.000000 
1032.800000 
1033.600000 
1034.400000 
1035.200000 
1036.000000 
1036.800000 
1037.600000 
1038.400000 
1039.200000 
1040.000000 
1040.800000 
1041.600000 
1042.400000 
1043.200000 
1044.000000 
1044.800000 
1045.600000 
1046.400000 
1047.200000 
1048.000000 
1048.800000 
1049.600000 
1050.400000 
1051.200000 
1052.000000 
1052.800000 
1053.600000 
1054.400000 
1055.200000 
1056.000000 
1056.800000 
1057.600000 
1058.400000 
1059.200000 
1060.000000 
1060.800000 
1061.600000 
1062.400000 
1063.200000 
1064.000000 
1064.800000 
1065.600000 
1066.400000 
1067.200000 
1068.000000 
1068.800000 
1069.600000 
1070.400000 
1071.200000 
1072.000000 
1072.800000 
1073.600000 
1074.400000 
1075.200000 
1076.000000 
1076.800000 
1077.600000 
1078.400000 
1079.200000 
1080.000000 
1080.800000 
1081.600000 
1082.400000 
1083.200000 
1084.000000 
1084.800000 
1085.600000 
1086.400000 
1087.200000 
1088.000000 
1088.800000 
1089.600000 
1090.400000 
1091.200000 
1092.000000 
1092.800000 
1093.600000 
1094.400000 
1095.200000 
1096.000000 
1096.800000 
1097.600000 
1098.400000 
1099.200000 
1100.000000 
