300                       7.723245722777975E15
300.5                     8.149656241363287E15
301                       8.598349934986563E15
301.5                     9.070121440704112E15
302                       9.566072390790506E15
302.5                     1.0087367663324162E16
303                       1.0635185643683984E16
303.5                     1.1210792531425504E16
304                       1.1815490493032008E16
304.5                     1.2450631400408274E16
305                       1.3117658002883914E16
305.5                     1.3818029000033666E16
306                       1.4553295415507776E16
306.5                     1.532507922070748E16
307                       1.6135034308481748E16
307.5                     1.6984931711430868E16
308                       1.7876579407805774E16
308.5                     1.8811865979215108E16
309                       1.979279988523456E16
309.5                     2.082140084242868E16
310                       2.189982964435636E16
310.5                     2.3030321411664892E16
311                       2.4215172120109952E16
311.5                     2.5456831763666032E16
312                       2.6757784706867952E16
312.5                     2.812064354794514E16
313                       2.954816388487602E16
313.5                     3.104312257902842E16
314                       3.2608492507093844E16
314.5                     3.4247321083026616E16
315                       3.5962759652354796E16
315.5                     3.7758158612441528E16
316                       3.9636894567790728E16
316.5                     4.1602542607540184E16
317                       4.3658828668201112E16
317.5                     4.5809536792389432E16
318                       4.8058702524666568E16
318.5                     5.041043124532572E16
319                       5.2868992811604024E16
319.5                     5.5438908107841128E16
320                       5.8124707429685984E16
320.5                     6.0931213170932752E16
321                       6.3863393596666264E16
321.5                     6.6926328370777232E16
322                       7.0125409840214568E16
322.5                     7.3466083237854112E16
323                       7.6954042590659856E16
323.5                     8.0595261713919168E16
324                       8.439572991057712E16
324.5                     8.8361966209519488E16
325                       9.2500128095418208E16
325.5                     9.6816966021722336E16
326                       1.01319889339897648E17
326.5                     1.06015679462449136E17
327                       1.10911643351352256E17
327.5                     1.16015413800233296E17
328                       1.21334854344722992E17
328.5                     1.2687833740771472E17
329                       1.32653983528532208E17
329.5                     1.38670074603641888E17
330                       1.449353893225856E17
330.5                     1.51458938519866624E17
331                       1.58250135307287424E17
331.5                     1.65318527316708064E17
332                       1.72673325578197568E17
332.5                     1.80324432902443424E17
333                       1.88281969420880128E17
333.5                     1.96556298766073184E17
334                       2.05158384617873152E17
334.5                     2.14098262664299488E17
335                       2.2338686065662384E17
335.5                     2.33035294397059936E17
336                       2.43054859894514336E17
336.5                     2.53457432674522176E17
337                       2.642541205905744E17
337.5                     2.7545659760321104E17
338                       2.8707681838113824E17
338.5                     2.9912688466552858E17
339                       3.1161930964284627E17
339.5                     3.2456624218955059E17
340                       3.3797993001925229E17
340.5                     3.5187302716535366E17
341                       3.6625831177297619E17
341.5                     3.8114881826425984E17
342                       3.9655760963216909E17
342.5                     4.1249743495404134E17
343                       4.2898155574808403E17
343.5                     4.4602334002170522E17
344                       4.6363627499598778E17
344.5                     4.8183418857190054E17
345                       5.0063026688201421E17
345.5                     5.2003825527497792E17
346                       5.400719567093815E17
346.5                     5.6074534758351539E17
347                       5.8207219499947738E17
347.5                     6.0406639081655629E17
348                       6.2674175610372902E17
348.5                     6.5011204302102336E17
349                       6.7419100319584538E17
349.5                     6.989923082786665E17
350                       7.2452941589496154E17
350.5                     7.5081562426070195E17
351                       7.7786401294858675E17
351.5                     8.0568740001372211E17
352                       8.3429836649049306E17
352.5                     8.6370906872332429E17
353                       8.9393126583640026E17
353.5                     9.2497621521523059E17
354                       9.568548764985047E17
354.5                     9.8957762750864704E17
355                       1.02315429828211174E18
355.5                     1.05759414410814131E18
356                       1.0929053717316841E18
356.5                     1.12909603982427878E18
357                       1.16617349751294925E18
357.5                     1.20414405667917261E18
358                       1.24301297627113421E18
358.5                     1.28278553689924787E18
359                       1.32346534742027776E18
359.5                     1.36505552180044262E18
360                       1.40755823608134758E18
360.5                     1.45097464947605043E18
361                       1.49530493724395418E18
361.5                     1.5405485033790359E18
362                       1.58670337316559155E18
362.5                     1.63376705944298496E18
363                       1.68173563506249318E18
363.5                     1.73060405461484083E18
364                       1.78036690203769088E18
364.5                     1.8310171382214784E18
365                       1.88254671117037619E18
365.5                     1.9349466049959767E18
366                       1.98820698324735078E18
366.5                     2.04231686573048704E18
367                       2.09726429117762381E18
367.5                     2.15303617468552115E18
368                       2.20961868034178662E18
368.5                     2.26699696533040768E18
369                       2.3251552752877332E18
369.5                     2.38407693194769E18
370                       2.4437443317021097E18
370.5                     2.504139481963713E18
371                       2.5652434137420559E18
371.5                     2.6270360563007764E18
372                       2.689497242849216E18
372.5                     2.752605921943233E18
373                       2.8163401393772769E18
373.5                     2.8806780282830029E18
374                       2.9455967405335301E18
374.5                     3.0110731358202358E18
375                       3.0770837417659474E18
375.5                     3.1436043904015739E18
376                       3.2106109451332777E18
376.5                     3.2780789607179914E18
377                       3.3459836874111652E18
377.5                     3.4143001979156434E18
378                       3.4830034184633062E18
378.5                     3.5520681842071352E18
379                       3.6214692598723436E18
379.5                     3.6911814452809103E18
380                       3.7611796071286799E18
380.5                     3.8314386097358735E18
381                       3.9019334157365591E18
381.5                     3.972639115326679E18
382                       4.04353092947198E18
382.5                     4.1145841979741583E18
383                       4.18577467727501E18
383.5                     4.2570782408378066E18
384                       4.3284710964515871E18
384.5                     4.3999296453693527E18
385                       4.4714306746055726E18
385.5                     4.5429512410800328E18
386                       4.614468780418942E18
386.5                     4.6859609788179149E18
387                       4.7574060536116859E18
387.5                     4.8287825684091494E18
388                       4.9000694485242522E18
388.5                     4.9712460216244879E18
389                       5.0422920200282276E18
389.5                     5.1131875815388559E18
390                       5.1839132540256297E18
390.5                     5.2544499959066552E18
391                       5.3247791397556787E18
391.5                     5.3948824263793521E18
392                       5.4647420972951276E18
392.5                     5.5343407306026865E18
393                       5.603661292752254E18
393.5                     5.6726871311277046E18
394                       5.7414019634980977E18
394.5                     5.8097898757354506E18
395                       5.8778353031362847E18
395.5                     5.9455230245509642E18
396                       6.0128381596145623E18
396.5                     6.0797661378654587E18
397                       6.1462926407727002E18
397.5                     6.2124037617605079E18
398                       6.2780858487787049E18
398.5                     6.3433255203821261E18
399                       6.4081096582745201E18
399.5                     6.4724254014655119E18
400                       6.536260130131585E18
400.5                     6.5996014615256934E18
401                       6.6624372412577372E18
401.5                     6.7247555332530739E18
402                       6.7865446112774052E18
402.5                     6.8477929508872704E18
403                       6.9084892254776873E18
403.5                     6.968622287837142E18
404                       7.0281811742328156E18
404.5                     7.0871550961047839E18
405                       7.1455334103577651E18
405.5                     7.203305649656917E18
406                       7.2604615445249976E18
406.5                     7.3169909491747533E18
407                       7.3728838809772708E18
407.5                     7.4281304992652646E18
408                       7.4827211003755766E18
408.5                     7.5366461420159734E18
409                       7.5898962010341673E18
409.5                     7.6424620095502541E18
410                       7.6943344387580037E18
410.5                     7.7455044886120776E18
411                       7.7959633215578542E18
411.5                     7.8457022169721713E18
412                       7.8947126106189455E18
412.5                     7.9429860849563023E18
413                       7.9905143543513016E18
413.5                     8.0372893040477563E18
414                       8.083302950168023E18
414.5                     8.1285474732829522E18
415                       8.1730152196653435E18
415.5                     8.216698680669694E18
416                       8.2595905365237217E18
416.5                     8.301683621924055E18
417                       8.3429709528610232E18
417.5                     8.3834457388361667E18
418                       8.4231013557706629E18
418.5                     8.4619313942343803E18
419                       8.4999296304569948E18
419.5                     8.5370900456016097E18
420                       8.5734068489120563E18
420.5                     8.6088744433976289E18
421                       8.6434874781620408E18
421.5                     8.6772408245786112E18
422                       8.7101295871605002E18
422.5                     8.7421491376366449E18
423                       8.7732950725619651E18
423.5                     8.8035632694195948E18
424                       8.8329498677210552E18
424.5                     8.8614512705166541E18
425                       8.8890641894640609E18
425.5                     8.9157855934332314E18
426                       8.9416127680350413E18
426.5                     8.9665433014496973E18
427                       8.9905750758957681E18
427.5                     9.0137063218960333E18
428                       9.0359355607038208E18
428.5                     9.0572616630740265E18
429                       9.077683841549015E18
429.5                     9.0972016314577695E18
430                       9.1158149491432397E18
430.5                     9.1335240378873119E18
431                       9.1503295148561111E18
431.5                     9.1662323749881068E18
432                       9.1812339594634844E18
432.5                     9.1953360174291118E18
433                       9.2085406554530386E18
433.5                     9.2208503712566241E18
434                       9.232268069435668E18
434.5                     9.242797016445647E18
435                       9.252440905215056E18
435.5                     9.261203808257542E18
436                       9.269090196836682E18
436.5                     9.276104968613427E18
437                       9.28225338846003E18
437.5                     9.287541155178402E18
438                       9.29197435846218E18
438.5                     9.295559482333626E18
439                       9.298303444552325E18
439.5                     9.300213522989418E18
440                       9.301297423485127E18
440.5                     9.301563240884484E18
441                       9.301019445951977E18
441.5                     9.299674936011616E18
442                       9.297538947184902E18
442.5                     9.294621122259319E18
443                       9.290931476006658E18
443.5                     9.286480366096077E18
444                       9.281278550209692E18
444.5                     9.27533709271029E18
445                       9.268667423719582E18
445.5                     9.261281312655598E18
446                       9.253190823929756E18
446.5                     9.244408373911675E18
447                       9.23494664414105E18
447.5                     9.224818620034486E18
448                       9.2140375778774026E18
448.5                     9.2026170255083387E18
449                       9.1905707579785236E18
449.5                     9.1779127783531254E18
450                       9.1646573164493691E18
450.5                     9.1508188284623196E18
451                       9.1364119249247058E18
451.5                     9.1214514239221535E18
452                       9.1059522804418724E18
452.5                     9.0899295866307062E18
453                       9.073398582678528E18
453.5                     9.0563745753212283E18
454                       9.0388729875796111E18
454.5                     9.0209092974510326E18
455                       9.0024990223154924E18
455.5                     8.9836577391567227E18
456                       8.964400997763114E18
456.5                     8.9447443661275986E18
457                       8.9247033790457508E18
457.5                     8.9042935103478958E18
458                       8.8835302000791767E18
458.5                     8.8624287671841823E18
459                       8.8410044499361853E18
459.5                     8.8192723646898842E18
460                       8.7972474711238615E18
460.5                     8.7749446002177444E18
461                       8.7523783783473705E18
461.5                     8.7295632554847949E18
462                       8.7065134773970719E18
462.5                     8.6832430483454577E18
463                       8.6597657559880131E18
463.5                     8.6360951136587837E18
464                       8.6122443742619771E18
464.5                     8.5882265162845409E18
465                       8.5640542081649203E18
465.5                     8.5397398297429955E18
466                       8.5152954318149171E18
466.5                     8.4907327408274094E18
467                       8.4660631551016233E18
467.5                     8.441297715301718E18
468                       8.4164471220915917E18
468.5                     8.3915217112502528E18
469                       8.3665314540959928E18
469.5                     8.3414859600543713E18
470                       8.316394456752044E18
470.5                     8.2912658035750646E18
471                       8.266108479943212E18
471.5                     8.2409305857801882E18
472                       8.2157398466034627E18
472.5                     8.1905436055731272E18
473                       8.1653488327127214E18
473.5                     8.1401621234730906E18
474                       8.1149897026215752E18
474.5                     8.0898374284156088E18
475                       8.0647107976253071E18
475.5                     8.0396149502873948E18
476                       8.0145546755191808E18
476.5                     7.9895344209481257E18
477                       7.9645582938939474E18
477.5                     7.9396300777563453E18
478                       7.9147532337347707E18
478.5                     7.8899309102744156E18
479                       7.8651659590236385E18
479.5                     7.840460932634753E18
480                       7.8158181082369178E18
480.5                     7.7912394894131948E18
481                       7.7667268152093809E18
481.5                     7.7422815829180436E18
482                       7.7179050423793388E18
482.5                     7.6935982228651141E18
483                       7.6693619374866524E18
483.5                     7.6451967889150208E18
484                       7.6211031984714967E18
484.5                     7.5970813971474995E18
485                       7.5731314529406269E18
485.5                     7.5492532789180989E18
486                       7.5254466339832986E18
486.5                     7.5017111571737887E18
487                       7.4780463559030456E18
487.5                     7.4544516315986637E18
488                       7.4309262918168351E18
488.5                     7.4074695454832456E18
489                       7.3840805409151447E18
489.5                     7.3607583520145582E18
490                       7.3375020008221737E18
490.5                     7.3143104734336266E18
491                       7.2911827100271012E18
491.5                     7.2681176449263657E18
492                       7.245114191608404E18
492.5                     7.2221712614591529E18
493                       7.1992877822800425E18
493.5                     7.1764626864575734E18
494                       7.1536949465475205E18
494.5                     7.1309835647829289E18
495                       7.1083275854622147E18
495.5                     7.0857261154734152E18
496                       7.0631783119507354E18
496.5                     7.0406834117563187E18
497                       7.0182407262904381E18
497.5                     6.9958496477624105E18
498                       6.9735096706265989E18
498.5                     6.9512203795097375E18
499                       6.9289814726364918E18
499.5                     6.9067927610907064E18
500                       6.8846541702510746E18
500.5                     6.8625657608169861E18
501                       6.8405277177158646E18
501.5                     6.8185403678889308E18
502                       6.7966041828057446E18
502.5                     6.7747197765855959E18
503                       6.7528879252756296E18
503.5                     6.7311095573258445E18
504                       6.7093857663691745E18
504.5                     6.6877178155999396E18
505                       6.666107134144426E18
505.5                     6.6445553333147453E18
506                       6.6230641990755512E18
506.5                     6.6016357005624218E18
507                       6.5802719948450335E18
507.5                     6.5589754230130033E18
508                       6.5377485222506486E18
508.5                     6.5165940205195151E18
509                       6.4955148415787182E18
509.5                     6.474514108567936E18
510                       6.4535951415181281E18
510.5                     6.4327614633442898E18
511                       6.4120167976655749E18
511.5                     6.3913650705765171E18
512                       6.3708104119267707E18
512.5                     6.3503571543686308E18
513                       6.3300098341403013E18
513.5                     6.3097731901635379E18
514                       6.2896521639682826E18
514.5                     6.2696518974403328E18
515                       6.2497777332477358E18
515.5                     6.2300352113120993E18
516                       6.210430067328894E18
516.5                     6.1909682319661804E18
517                       6.171655824089218E18
517.5                     6.1524991521642445E18
518                       6.1335047072107213E18
518.5                     6.11467915910221E18
519                       6.0960293557402583E18
519.5                     6.0775623111143516E18
520                       6.0592852070425037E18
520.5                     6.0412053832587837E18
521                       6.0233303301983099E18
521.5                     6.0056676883658834E18
522                       5.98822523104205E18
522.5                     5.9710108655130194E18
523                       5.9540326207990282E18
523.5                     5.9372986361370726E18
524                       5.9208171601337416E18
524.5                     5.9045965287293983E18
525                       5.888645164692821E18
525.5                     5.8729715634600632E18
526                       5.8575842773690767E18
526.5                     5.8424919126418913E18
527                       5.827703105948375E18
527.5                     5.813226518843136E18
528                       5.79907082308305E18
528.5                     5.7852446809777674E18
529                       5.7717567392562964E18
529.5                     5.7586156053724672E18
530                       5.745829836608257E18
530.5                     5.7334079246557256E18
531                       5.7213582736042179E18
531.5                     5.7096891897862748E18
532                       5.6984088589115126E18
532.5                     5.6875253306393047E18
533                       5.6770465017169992E18
533.5                     5.6669800941330391E18
534                       5.6573336401890191E18
534.5                     5.6481144614726922E18
535                       5.6393296508708997E18
535.5                     5.6309860531203144E18
536                       5.6230902465996882E18
536.5                     5.6156485231352801E18
537                       5.6086668696937032E18
537.5                     5.602150950937642E18
538                       5.5961060856877537E18
538.5                     5.5905372365689068E18
539                       5.5854489843789455E18
539.5                     5.5808455131842847E18
540                       5.5767305973499597E18
540.5                     5.573107572610347E18
541                       5.5699793372918313E18
541.5                     5.5673483222915133E18
542                       5.565216479538562E18
542.5                     5.5635852775929477E18
543                       5.5624556682755021E18
543.5                     5.5618280984217836E18
544                       5.5617024815025705E18
544.5                     5.5620781867465892E18
545                       5.5629540480311245E18
545.5                     5.5643283264802202E18
546                       5.5661987324216812E18
546.5                     5.5685624036023726E18
547                       5.5714158926130688E18
547.5                     5.5747551931591813E18
548                       5.5785756992550472E18
548.5                     5.5828722362815007E18
549                       5.5876390506210826E18
549.5                     5.5928697929589238E18
550                       5.5985566278693468E18
550.5                     5.6046926904210145E18
551                       5.6112703962858885E18
551.5                     5.6182811280875377E18
552                       5.6257157215960596E18
552.5                     5.6335644803052442E18
553                       5.6418171867268639E18
553.5                     5.6504631155449846E18
554                       5.6594910485198408E18
554.5                     5.6688892910181458E18
555                       5.6786456901028649E18
555.5                     5.6887476541385247E18
556                       5.6991821730049055E18
556.5                     5.7099358429993472E18
557                       5.7209948888966943E18
557.5                     5.7323451894324347E18
558                       5.7439723041982403E18
558.5                     5.7558615016034908E18
559                       5.7679977880884736E18
559.5                     5.780365938536277E18
560                       5.7929505278281871E18
560.5                     5.8057359634800589E18
561                       5.8187065192909527E18
561.5                     5.8318463699306967E18
562                       5.8451396263845888E18
562.5                     5.8585703721666089E18
563                       5.8721227002061455E18
563.5                     5.8857807503036764E18
564                       5.8995287470446049E18
564.5                     5.9133510380505231E18
565                       5.9272321324396319E18
565.5                     5.9411567393590303E18
566                       5.9551098064423864E18
566.5                     5.9690765580390748E18
567                       5.9830425330505615E18
567.5                     5.9969936222026158E18
568                       6.0109161045737923E18
568.5                     6.0247966831926057E18
569                       6.038622519508949E18
569.5                     6.0523812665399204E18
570                       6.0660611004838195E18
570.5                     6.0796507505931448E18
571                       6.0931395270931722E18
571.5                     6.1065173469332838E18
572                       6.1197747571558011E18
572.5                     6.132902955672194E18
573                       6.1458938092369879E18
573.5                     6.1587398684196792E18
574                       6.1714343793793802E18
574.5                     6.1839712922614886E18
575                       6.1963452660460739E18
575.5                     6.2085516696943329E18
576                       6.2205865794609183E18
576.5                     6.2324467722555566E18
577                       6.244129714967682E18
577.5                     6.2556335496900188E18
578                       6.2669570748085699E18
578.5                     6.2780997219577283E18
579                       6.289061528872575E18
579.5                     6.2998431082078556E18
580                       6.3104456124284918E18
580.5                     6.3208706949182505E18
581                       6.3311204674903091E18
581.5                     6.341197454526122E18
582                       6.3511045440075356E18
582.5                     6.3608449357476055E18
583                       6.3704220871634115E18
583.5                     6.3798396569709486E18
584                       6.3891014472160502E18
584.5                     6.3982113440850258E18
585                       6.4071732579670149E18
585.5                     6.4159910632599235E18
586                       6.4246685384319427E18
586.5                     6.4332093068568463E18
587                       6.4416167789521695E18
587.5                     6.4498940961417912E18
588                       6.4580440771588813E18
588.5                     6.4660691671871468E18
589                       6.4739713903151043E18
589.5                     6.481752305747073E18
590                       6.4894129681746299E18
590.5                     6.4969538926698629E18
591                       6.5043750244059648E18
591.5                     6.5116757134580378E18
592                       6.5188546948704174E18
592.5                     6.525910074113664E18
593                       6.5328393179837061E18
593.5                     6.5396392509252127E18
594                       6.5463060566914662E18
594.5                     6.5528352851806044E18
595                       6.5592218642232474E18
595.5                     6.565460116030121E18
596                       6.5715437779506801E18
596.5                     6.5774660271417651E18
597                       6.5832195086978191E18
597.5                     6.5887963667593339E18
598                       6.5941882780880865E18
598.5                     6.5993864875784028E18
599                       6.6043818451672678E18
599.5                     6.6091648436064215E18
600                       6.6137256565733263E18
600.5                     6.6180541766177372E18
601                       6.6221400524710554E18
601.5                     6.6259727252856791E18
602                       6.6295414634141194E18
602.5                     6.632835395389566E18
603                       6.6358435408249876E18
603.5                     6.6385548390045901E18
604                       6.6409581750005924E18
604.5                     6.6430424032074547E18
605                       6.6447963682423818E18
605.5                     6.646208923215147E18
606                       6.6472689454205123E18
606.5                     6.6479653495507139E18
607                       6.6482870985656709E18
607.5                     6.6482232123898388E18
608                       6.6477627746315397E18
608.5                     6.646894937537792E18
609                       6.6456089254119629E18
609.5                     6.6438940367248128E18
610                       6.6417396451504159E18
610.5                     6.6391351997525484E18
611                       6.6360702245359944E18
611.5                     6.632534317564329E18
612                       6.6285171498269256E18
612.5                     6.6240084640210422E18
613                       6.6189980733924577E18
613.5                     6.613475860758999E18
614                       6.6074317778193377E18
614.5                     6.6008558448310262E18
615                       6.5937381507229409E18
615.5                     6.586068853690198E18
616                       6.5778381823053271E18
616.5                     6.5690364371664579E18
617                       6.5596539930930964E18
617.5                     6.5496813018706719E18
618                       6.5391088955393536E18
618.5                     6.5279273902167009E18
619                       6.5161274904416481E18
619.5                     6.5036999940238111E18
620                       6.4906357973832489E18
620.5                     6.4769259013634632E18
621                       6.4625614175034952E18
621.5                     6.4475335747544576E18
622                       6.4318337266284093E18
622.5                     6.41545335876864E18
623                       6.3983840969324913E18
623.5                     6.3806177153792635E18
624                       6.362146145658154E18
624.5                     6.3429614857913508E18
625                       6.323056009850238E18
625.5                     6.3024221779227628E18
626                       6.2810526464712376E18
626.5                     6.2589402790807122E18
627                       6.2360781575989064E18
627.5                     6.2124595936678461E18
628                       6.1880781406499615E18
628.5                     6.1629276059479634E18
629                       6.1370020637219799E18
629.5                     6.1102958680034642E18
630                       6.0828036662072044E18
630.5                     6.0545204130422262E18
631                       6.0254413848203653E18
631.5                     5.9955621941628641E18
632                       5.9648788051023002E18
632.5                     5.9333875485783583E18
633                       5.9010851383227535E18
633.5                     5.8679686871299932E18
634                       5.8340357235071293E18
634.5                     5.7992842086956186E18
635                       5.7637125540566774E18
635.5                     5.7273196388100127E18
636                       5.6901048281128325E18
636.5                     5.6520679914663916E18
637                       5.613209521433302E18
637.5                     5.5735303526468547E18
638                       5.5330319810926193E18
638.5                     5.4917164836383252E18
639                       5.4495865377858601E18
639.5                     5.4066454416168581E18
640                       5.3628971338992343E18
640.5                     5.3183462143196856E18
641                       5.2729979638026424E18
641.5                     5.2268583648730429E18
642                       5.1799341220168735E18
642.5                     5.1322326819873188E18
643                       5.0837622540030833E18
643.5                     5.0345318297772257E18
644                       4.9845512033136108E18
644.5                     4.9338309904006451E18
645                       4.8823826477276549E18
645.5                     4.8302184915442442E18
646                       4.7773517157771028E18
646.5                     4.7237964095129661E18
647                       4.6695675737508127E18
647.5                     4.6146811373208463E18
648                       4.5591539718606464E18
648.5                     4.5030039057351352E18
649                       4.4462497367776215E18
649.5                     4.3889112437269519E18
650                       4.3310091962266138E18
650.5                     4.2725653632482821E18
651                       4.213602519794836E18
651.5                     4.1541444517342915E18
652                       4.0942159586094966E18
652.5                     4.0338428542652708E18
653                       3.9730519651294833E18
653.5                     3.9118711259822484E18
654                       3.8503291730435021E18
654.5                     3.788455934208341E18
655                       3.7262822162581258E18
655.5                     3.6638397888750648E18
656                       3.6011613652907059E18
656.5                     3.5382805793989504E18
657                       3.4752319591710577E18
657.5                     3.4120508962135675E18
658                       3.3487736113194532E18
658.5                     3.2854371158698399E18
659                       3.222079168957354E18
659.5                     3.1587382301142856E18
660                       3.0954534075445719E18
660.5                     3.032264401777644E18
661                       2.9692114446817695E18
661.5                     2.9063352337987512E18
662                       2.8436768619869312E18
662.5                     2.7812777423886633E18
663                       2.7191795287688515E18
663.5                     2.6574240313056666E18
664                       2.5960531279509212E18
664.5                     2.5351086715153106E18
665                       2.474632392676478E18
665.5                     2.4146657991498358E18
666                       2.3552500713071764E18
666.5                     2.29642595457528678E18
667                       2.2382336489932713E18
667.5                     2.18071269635605862E18
668                       2.12390186542008806E18
668.5                     2.06783903569435264E18
669                       2.01256108038726016E18
669.5                     1.95810374912512845E18
670                       1.90450155110017536E18
670.5                     1.85178763934582835E18
671                       1.79999369687261568E18
671.5                     1.7491498254281705E18
672                       1.69928443767049011E18
672.5                     1.65042415356181914E18
673                       1.60259370180195712E18
673.5                     1.55581582712328602E18
674                       1.51011120426444595E18
674.5                     1.46549835942528794E18
675                       1.42199359998108058E18
675.5                     1.37961095320002739E18
676                       1.3383621146628096E18
676.5                     1.29825640702813158E18
677                       1.25930074972181069E18
677.5                     1.22149964005220147E18
678                       1.18485514616802714E18
678.5                     1.14936691218113677E18
679                       1.11503217567368205E18
679.5                     1.08184579769953395E18
680                       1.04980030527427725E18
680.5                     1.0188859462283904E18
681                       9.8909075617521523E17
681.5                     9.6040063722222618E17
682                       9.327994479304224E17
682.5                     9.0626910390742477E17
683                       8.8078968830348826E17
683.5                     8.5633957137144525E17
684                       8.3289553815056154E17
684.5                     8.1043292324478566E17
685                       7.8892575158722624E17
685.5                     7.6834688401830771E17
686                       7.4866816645498394E17
686.5                     7.2986058139417434E17
687                       7.1189440047602509E17
687.5                     6.9473933683168614E17
688                       6.7836469595666445E17
688.5                     6.6273952388406758E17
689                       6.4783275148146829E17
689.5                     6.336133337602039E17
690                       6.2005038316500787E17
690.5                     6.0711329590453171E17
691                       5.9477187048622042E17
691.5                     5.8299641773220032E17
692                       5.7175786167255994E17
692.5                     5.6102783083788678E17
693                       5.5077873960076742E17
693.5                     5.4098385934469587E17
694                       5.3161737936620742E17
694.5                     5.2265445753925658E17
695                       5.1407126088902586E17
695.5                     5.05844996332368E17
696                       4.9795393194378746E17
696.5                     4.9037740919644538E17
697                       4.8309584670729459E17
697.5                     4.7609073608240237E17
698                       4.6934463051283059E17
698.5                     4.6284112681266598E17
699                       4.5656484161878278E17
699.5                     4.5050138248758189E17
700                       4.4463731462711866E17
700.5                     4.3896012399475507E17
701                       4.3345817747229709E17
701.5                     4.281206801762073E17
702                       4.2293763370884557E17
702.5                     4.1789978965581638E17
703                       4.1299860501977824E17
703.5                     4.0822619730886579E17
704                       4.0357530006992339E17
704.5                     3.9903921934088486E17
705                       3.9461179135866739E17
705.5                     3.9028734180335981E17
706                       3.8606064680503942E17
706.5                     3.8192689588837946E17
707                       3.7788165698181101E17
707.5                     3.7392084357371405E17
708                       3.7004068405816595E17
708.5                     3.6623769327703424E17
709                       3.6250864623448512E17
709.5                     3.5885055393358163E17
710                       3.5526064126299885E17
710.5                     3.5173632684455866E17
711                       3.4827520473901824E17
711.5                     3.4487502789798778E17
712                       3.4153369324398048E17
712.5                     3.3824922825731187E17
713                       3.3501977894822643E17
713.5                     3.318435990943863E17
714                       3.2871904062723245E17
714.5                     3.2564454505596493E17
715                       3.2261863582357971E17
715.5                     3.196399114964752E17
716                       3.1670703969627443E17
716.5                     3.1381875168997037E17
717                       3.109738375621705E17
717.5                     3.0817114190046406E17
718                       3.0540955993214016E17
718.5                     3.0268803405724243E17
719                       3.0000555072909734E17
719.5                     2.9736113763959232E17
720                       2.9475386117139347E17
720.5                     2.9218282408446554E17
721                       2.8964716340818138E17
721.5                     2.871460485145432E17
722                       2.84678679350897216E17
722.5                     2.8224428481388448E17
723                       2.79842121248613984E17
723.5                     2.77471471059398496E17
724                       2.75131641420202336E17
724.5                     2.72821963074571904E17
725                       2.70541789216217696E17
725.5                     2.68290494442526432E17
726                       2.66067473774367104E17
726.5                     2.6387214173630256E17
727                       2.6170393149203392E17
727.5                     2.59562294030619648E17
728                       2.57446697399364096E17
728.5                     2.5535662597986208E17
729                       2.53291579803953856E17
729.5                     2.5125107390671088E17
730                       2.49234637713884704E17
730.5                     2.47241814461407904E17
731                       2.45272160644878208E17
731.5                     2.43325245496969504E17
732                       2.41400650491078336E17
732.5                     2.39497968869494272E17
733                       2.3761680519460496E17
733.5                     2.35756774921727392E17
734                       2.33917503992309728E17
734.5                     2.32098628446244672E17
735                       2.30299794052242784E17
735.5                     2.2852065595522768E17
736                       2.26760878339740032E17
736.5                     2.25020134108557824E17
737                       2.23298104575586272E17
737.5                     2.21594479172343808E17
738                       2.19908955167242112E17
738.5                     2.1824123739703248E17
739                       2.16591038009747808E17
739.5                     2.14958076218562912E17
740                       2.13342078065996256E17
740.5                     2.11742776197983808E17
741                       2.10159909647244576E17
741.5                     2.0859322362554032E17
742                       2.07042469324395104E17
742.5                     2.05507403723805248E17
743                       2.0398778940863856E17
743.5                     2.02483394392291424E17
744                       2.00993991947293952E17
744.5                     1.99519360442536032E17
745                       1.98059283186807936E17
745.5                     1.9661354827837328E17
746                       1.95181948460297184E17
746.5                     1.93764280981287296E17
747                       1.92360347461785952E17
747.5                     1.90969953765117408E17
748                       1.89592909873453472E17
748.5                     1.88229029768393472E17
749                       1.86878131315995936E17
749.5                     1.85540036156049536E17
750                       1.84214569595454624E17
750.5                     1.8290156050551232E17
751                       1.8160084122300848E17
751.5                     1.80312247454944864E17
752                       1.79035618186770336E17
752.5                     1.77770795594022208E17
753                       1.7651762495723968E17
753.5                     1.75275954580038304E17
754                       1.74045635710281056E17
754.5                     1.7282652246421344E17
755                       1.71618471753505088E17
755.5                     1.70421343215124064E17
756                       1.69234999143932992E17
756.5                     1.68059304427985696E17
757                       1.6689412648645856E17
757.5                     1.65739335210122656E17
758                       1.64594802904346624E17
758.5                     1.6346040423457296E17
759                       1.62336016174225344E17
759.5                     1.6122151795501104E17
760                       1.60116791019572096E17
760.5                     1.59021718976483872E17
761                       1.57936187557543552E17
761.5                     1.56860084577355008E17
762                       1.55793299895136224E17
762.5                     1.54735725378804864E17
763                       1.53687254871252864E17
763.5                     1.52647784158810976E17
764                       1.51617210941925152E17
764.5                     1.5059543480795104E17
765                       1.49582357206129728E17
765.5                     1.48577881424651616E17
766                       1.4758191256984624E17
766.5                     1.46594357547425216E17
767                       1.45615125045793632E17
767.5                     1.4464412552137728E17
768                       1.43681271185938304E17
768.5                     1.42726475995840144E17
769                       1.41779655643241456E17
769.5                     1.40840727549143184E17
770                       1.3990961085826848E17
770.5                     1.3898622643569176E17
771                       1.38070496865197056E17
771.5                     1.37162346449260432E17
772                       1.36261701210597248E17
772.5                     1.35368488895204688E17
773                       1.34482638976799872E17
773.5                     1.3360408266259184E17
774                       1.32732752900235984E17
774.5                     1.31868584385935328E17
775                       1.31011513573495744E17
775.5                     1.30161478684308288E17
776                       1.29318419718066544E17
776.5                     1.28482278464100944E17
777                       1.27652998513234144E17
777.5                     1.26830525269964368E17
778                       1.26014805964874592E17
778.5                     1.25205789667059248E17
779                       1.2440342729649536E17
779.5                     1.23607671636137664E17
780                       1.22818477343568272E17
780.5                     1.2203580096210152E17
781                       1.21259600931111392E17
781.5                     1.20489837595440992E17
782                       1.19726473213747888E17
782.5                     1.18969471965555152E17
783                       1.18218799956925744E17
783.5                     1.17474425224526832E17
784                       1.16736317737943216E17
784.5                     1.16004449400106304E17
785                       1.1527874636681872E17
785.5                     1.14559243289767296E17
786                       1.13845913980023456E17
786.5                     1.13138733428261488E17
787                       1.12437681609300944E17
787.5                     1.1174274189948624E17
788                       1.11053900942165856E17
788.5                     1.10371144533303248E17
789                       1.09694461412081888E17
789.5                     1.09023843459524096E17
790                       1.08359281980378496E17
790.5                     1.07700771127059584E17
791                       1.07048307830121136E17
791.5                     1.06401888604946656E17
792                       1.05761512671606384E17
792.5                     1.051271816755368E17
793                       1.04498896954003472E17
793.5                     1.03876662363152176E17
794                       1.03260483838053872E17
794.5                     1.02650367055096288E17
795                       1.0204631998642864E17
795.5                     1.0144835234122048E17
796                       1.00856473560315344E17
796.5                     1.00270695126841872E17
797                       9.969102992210608E16
797.5                     9.9117490490126768E16
798                       9.8550091141693504E16
798.5                     9.7988847248742304E16
799                       9.7433773718969376E16
799.5                     9.688488693870544E16
800                       9.6342204019276224E16
800.5                     9.5805741425596656E16
801                       9.5275516810704592E16
801.5                     9.475154821667224E16
802                       9.4233852805967616E16
802.5                     9.3722432959140784E16
803                       9.3217225892964032E16
803.5                     9.2718391241753552E16
804                       9.222590299778232E16
804.5                     9.1739777134886672E16
805                       9.126003089482384E16
805.5                     9.0786680826092112E16
806                       9.0319742264453216E16
806.5                     8.9859229550444944E16
807                       8.9405156148544528E16
807.5                     8.8957534588706352E16
808                       8.8516376364021424E16
808.5                     8.8081691831332352E16
809                       8.7653490117427536E16
809.5                     8.7231779027989408E16
810                       8.681656495857016E16
810.5                     8.6407851970735328E16
811                       8.6005643350490352E16
811.5                     8.5609941786569648E16
812                       8.5220747220490672E16
812.5                     8.4838057780255824E16
813                       8.446186970754896E16
813.5                     8.4092177288284224E16
814                       8.372897278663088E16
814.5                     8.3372246382619888E16
815                       8.302198611350544E16
815.5                     8.2678177818952384E16
816                       8.2340805090156784E16
816.5                     8.2009849223000656E16
817                       8.1685288720978048E16
817.5                     8.1367098245069424E16
818                       8.1055254627599296E16
818.5                     8.0749729645266064E16
819                       8.0450492609262976E16
819.5                     8.0157510343423808E16
820                       7.9870747166703584E16
820.5                     7.9590164879999536E16
821                       7.9315722757305008E16
821.5                     7.9047377541176496E16
822                       7.8785083442484416E16
822.5                     7.8528792144419744E16
823                       7.8278452810700816E16
823.5                     7.8034012097912256E16
824                       7.7795410672201296E16
824.5                     7.7562593530672E16
825                       7.733550066002848E16
825.5                     7.7114068942029792E16
826                       7.6898232871000688E16
826.5                     7.6687924589087744E16
827                       7.6483073925064224E16
827.5                     7.6283608436569328E16
828                       7.608945345564936E16
828.5                     7.5900532137485648E16
829                       7.5716765512184272E16
829.5                     7.5538072539480816E16
830                       7.5364370166222272E16
830.5                     7.5195570578907104E16
831                       7.5031587782839072E16
831.5                     7.4872335705412672E16
832                       7.4717723903274928E16
832.5                     7.4567660240755984E16
833                       7.4422050960835168E16
833.5                     7.428080075786176E16
834                       7.4143812851894624E16
834.5                     7.4010989064518448E16
835                       7.3882229895937872E16
835.5                     7.3757434603247776E16
836                       7.3636501279710016E16
836.5                     7.3519326934858624E16
837                       7.3405806256388048E16
837.5                     7.3295831631973136E16
838                       7.318930221288152E16
838.5                     7.3086111499987472E16
839                       7.2986152314524896E16
839.5                     7.2889316880301696E16
840                       7.2795496905795488E16
840.5                     7.270458366600448E16
841                       7.261646808392456E16
841.5                     7.2531040811522144E16
842                       7.2448192310104192E16
842.5                     7.2367812929944944E16
843                       7.2289792989087728E16
843.5                     7.221402285119112E16
844                       7.2140388074009888E16
844.5                     7.2068784718982464E16
845                       7.1999104228252424E16
845.5                     7.1931237889116656E16
846                       7.1865077402610912E16
846.5                     7.1800514953877416E16
847                       7.1737443280982176E16
847.5                     7.167575574211796E16
848                       7.1615346381131208E16
848.5                     7.1556109991300624E16
849                       7.14979421773408E16
849.5                     7.144073941554072E16
850                       7.1384399112036616E16
850.5                     7.1328816750248E16
851                       7.1273893502939352E16
851.5                     7.121953193827816E16
852                       7.1165633691566656E16
852.5                     7.111210158743464E16
853                       7.1058839686295384E16
853.5                     7.1005753328735336E16
854                       7.0952749177830752E16
854.5                     7.0899735259363344E16
855                       7.0846620999955232E16
855.5                     7.0793317263112912E16
856                       7.0739736383189216E16
856.5                     7.0685792197281384E16
857                       7.0631398937392848E16
857.5                     7.057647247319432E16
858                       7.0520934258292488E16
858.5                     7.0464704373906616E16
859                       7.0407704532025936E16
859.5                     7.034985809541608E16
860                       7.0291090095699792E16
860.5                     7.0231327249544672E16
861                       7.0170497972986008E16
861.5                     7.0108532393929928E16
862                       7.0045362362855928E16
862.5                     6.9980921461789008E16
863                       6.9915145011556808E16
863.5                     6.9847970077382112E16
864                       6.9779333113805864E16
864.5                     6.9709177573005856E16
865                       6.9637445757784968E16
865.5                     6.956408168777836E16
866                       6.9489031132101592E16
866.5                     6.941224160607484E16
867                       6.9333662366604248E16
867.5                     6.9253244406277464E16
868                       6.917094044622936E16
868.5                     6.9086704927817376E16
869                       6.900049400316332E16
869.5                     6.891226552461724E16
870                       6.8821979033181928E16
870.5                     6.8729594843878696E16
871                       6.86350766207102E16
871.5                     6.8538389340567992E16
872                       6.8439499121046856E16
872.5                     6.8338373697958744E16
873                       6.8234982408687952E16
873.5                     6.8129296174844976E16
874                       6.8021287484265944E16
874.5                     6.79109303724298E16
875                       6.7798200403304296E16
875.5                     6.7683074649681272E16
876                       6.7565531673044712E16
876.5                     6.744555150301736E16
877                       6.732311547383036E16
877.5                     6.71982065181358E16
878                       6.707080921877484E16
878.5                     6.6940909229101704E16
879                       6.6808493564220224E16
879.5                     6.6673550578683872E16
880                       6.6536069944024056E16
880.5                     6.6396042626143008E16
881                       6.6253460862591672E16
881.5                     6.6108318139772984E16
882                       6.5960609170087928E16
882.5                     6.5810329869061744E16
883                       6.5657477332476312E16
883.5                     6.5502049836211592E16
884                       6.5344047130025768E16
884.5                     6.5183469352767752E16
885                       6.502031806568084E16
885.5                     6.4854595898121576E16
886                       6.4686306525136872E16
886.5                     6.4515454645177608E16
887                       6.4342045957980688E16
887.5                     6.416608714262292E16
888                       6.3987585835738304E16
888.5                     6.380655060996524E16
889                       6.3622990952575992E16
889.5                     6.3436917244343328E16
890                       6.324834073862628E16
890.5                     6.3057274241623E16
891                       6.2863730148832E16
891.5                     6.2667721945621512E16
892                       6.246926415287096E16
892.5                     6.2268372064328608E16
893                       6.2065061727171944E16
893.5                     6.18593499228272E16
894                       6.1651254148061288E16
894.5                     6.1440792596348624E16
895                       6.122798413949004E16
895.5                     6.1012848309529184E16
896                       6.079540528092296E16
896.5                     6.057567585297572E16
897                       6.035368200945532E16
897.5                     6.0129445786983104E16
898                       5.9902988967562128E16
898.5                     5.9674334667693864E16
899                       5.944350654588652E16
899.5                     5.9210528786650816E16
900                       5.897542608474376E16
900.5                     5.8738223629654904E16
901                       5.8498947090353936E16
901.5                     5.8257622600266992E16
902                       5.8014276742491088E16
902.5                     5.77689365352464E16
903                       5.752162941754916E16
903.5                     5.7272383438706224E16
904                       5.7021227863607704E16
904.5                     5.6768189860808952E16
905                       5.6513298406816184E16
905.5                     5.6256582831300992E16
906                       5.5998072804006992E16
906.5                     5.5737807392096192E16
907                       5.5475814398001048E16
907.5                     5.5212111823795232E16
908                       5.4946745825875824E16
908.5                     5.4679727353273464E16
909                       5.4411108037196584E16
909.5                     5.4140903331684408E16
910                       5.3869157405782104E16
910.5                     5.3595893798041336E16
911                       5.3321149582835712E16
911.5                     5.3044956494545184E16
912                       5.2767344089723824E16
912.5                     5.2488352651909456E16
913                       5.2208003719938232E16
913.5                     5.192634651552348E16
914                       5.1643394096703096E16
914.5                     5.13592049846964E16
915                       5.1073783325385256E16
915.5                     5.0787197272434728E16
916                       5.0499441659337656E16
916.5                     5.0210594575794048E16
917                       4.992064117470184E16
917.5                     4.962966975468348E16
918                       4.933765626478848E16
918.5                     4.9044697018106832E16
919                       4.8750763772112816E16
919.5                     4.8455951617292712E16
920                       4.8160236637807088E16
920.5                     4.7863709545436176E16
921                       4.7566351110265184E16
921.5                     4.726824724375124E16
922                       4.6969383740841224E16
922.5                     4.6669841313678496E16
923                       4.6369611099069888E16
923.5                     4.6068768235074224E16
924                       4.5767309493849424E16
924.5                     4.546530409029528E16
925                       4.5162754700441056E16
925.5                     4.4859724294068768E16
926                       4.4556221693242584E16
926.5                     4.4252303329111536E16
927                       4.3947984384289504E16
927.5                     4.3643314487471784E16
928                       4.3338315367484488E16
928.5                     4.3033029617605424E16
929                       4.2727485668566912E16
929.5                     4.2421718877193128E16
930                       4.2115764500840944E16
930.5                     4.1809650491764496E16
931                       4.1503419026753584E16
931.5                     4.1197090519181776E16
932                       4.089071412535308E16
932.5                     4.0584302620056032E16
933                       4.0277912165740256E16
933.5                     3.9971547834208792E16
934                       3.966527278660792E16
934.5                     3.9359084363256528E16
935                       3.9053052681957504E16
935.5                     3.8747167359443752E16
936                       3.8441505393127856E16
936.5                     3.8136050470379544E16
937                       3.7830881107245776E16
937.5                     3.7525981436927896E16
938                       3.722142646221844E16
938.5                     3.6917204013098416E16
939                       3.6613384358395968E16
939.5                     3.6309959154415624E16
940                       3.600699377703236E16
940.5                     3.5704483808980552E16
941                       3.5402489605659628E16
941.5                     3.510101074636586E16
942                       3.4800102470491796E16
942.5                     3.4499768393615224E16
943                       3.420005857598682E16
943.5                     3.390098067844548E16
944                       3.3602579551663344E16
944.5                     3.330486687975706E16
945                       3.3007882306272972E16
945.5                     3.271164148554958E16
946                       3.2416178889440072E16
946.5                     3.2121514058354652E16
947                       3.1827676360830532E16
947.5                     3.1534689108216844E16
948                       3.12425766669359E16
948.5                     3.095136597335276E16
949                       3.0661076525557324E16
949.5                     3.037173870851728E16
950                       3.00833673180085E16
950.5                     2.9795995981116592E16
951                       2.9509634989115708E16
951.5                     2.9224320975143768E16
952                       2.8940059955028268E16
952.5                     2.8656891302925904E16
953                       2.8374817018869488E16
953.5                     2.8093878924725924E16
954                       2.7814075335509556E16
954.5                     2.753545007618838E16
955                       2.7257999482016E16
955.5                     2.6981765203622956E16
956                       2.6706745627032496E16
956.5                     2.6432978907109096E16
957                       2.6160465421459988E16
957.5                     2.5889239891380428E16
958                       2.561930459933242E16
958.5                     2.5350690924455124E16
959                       2.5083402940318792E16
959.5                     2.4817468803943644E16
960                       2.455289423986262E16
960.5                     2.4289704330969696E16
961                       2.402790628690896E16
961.5                     2.3767522291626752E16
962                       2.350856084910594E16
962.5                     2.3251041445869604E16
963                       2.2994973665399552E16
963.5                     2.2740374523741856E16
964                       2.24872544459037E16
964.5                     2.2235628228828008E16
965                       2.1985506878935144E16
965.5                     2.1736903248798216E16
966                       2.1489828645068552E16
966.5                     2.1244294272914576E16
967                       2.1000311438086944E16
967.5                     2.0757890016352932E16
968                       2.0517040992665404E16
968.5                     2.0277773251187744E16
969                       2.0040097118639084E16
969.5                     1.9804020843870924E16
970                       1.9569553741676552E16
970.5                     1.9336703799040656E16
971                       1.9105478950196048E16
971.5                     1.8875887309474184E16
972                       1.8647935048329228E16
972.5                     1.8421630810345508E16
973                       1.819698265240078E16
973.5                     1.797399715760264E16
974                       1.7752676143884862E16
974.5                     1.7533026911171372E16
975                       1.7315053995259896E16
975.5                     1.7098761389020866E16
976                       1.688415586874527E16
976.5                     1.6671237352994006E16
977                       1.6460014391851358E16
977.5                     1.6250486518690444E16
978                       1.6042659613361056E16
978.5                     1.583653540887012E16
979                       1.5632115381343574E16
979.5                     1.5429405287455756E16
980                       1.5228400423115316E16
980.5                     1.5029109742317606E16
981                       1.4831528431408898E16
981.5                     1.4635661636556278E16
982                       1.444150816142622E16
982.5                     1.424906722039104E16
983                       1.4058343484526194E16
983.5                     1.386932796651651E16
984                       1.3682029988957438E16
984.5                     1.349644067851278E16
985                       1.331256454298546E16
985.5                     1.3130397602380666E16
986                       1.2949940017529482E16
986.5                     1.2771193397596028E16
987                       1.2594147010210068E16
987.5                     1.2418803461157072E16
988                       1.2245160434947586E16
988.5                     1.207320808188387E16
989                       1.1902951101873976E16
989.5                     1.173438265639716E16
990                       1.1567496394592764E16
990.5                     1.1402294144370664E16
991                       1.1238766199049986E16
991.5                     1.1076910250459846E16
992                       1.0916724509929438E16
992.5                     1.075819698673747E16
993                       1.0601329049165742E16
993.5                     1.0446115181701216E16
994                       1.0292542251822438E16
994.5                     1.0140614049038308E16
995                       9.990319820691922E15
995.5                     9.841651723853642E15
996                       9.694609337915024E15
996.5                     9.549179317216566E15
997                       9.405358625293986E15
997.5                     9.26314283541545E15
998                       9.12251647804313E15
998.5                     8.983480679397579E15
999                       8.846026439927365E15
999.5                     8.710142943710215E15
1000                      8.575827963265114E15
1000.5                    8.443070719742436E15
1001                      8.311858706586926E15
1001.5                    8.182187954125156E15
1002                      8.054050751595569E15
1002.5                    7.927435527576591E15
1003                      7.80233321453783E15
1003.5                    7.678738848424423E15
1004                      7.556642413526882E15
1004.5                    7.436029318564407E15
1005                      7.316897157355654E15
1005.5                    7.199235816790059E15
1006                      7.08303167963724E15
1006.5                    6.968277825800021E15
1007                      6.854966668507034E15
1007.5                    6.743086219039953E15
1008                      6.632623814816999E15
1008.5                    6.523575071974881E15
1009                      6.41592883997463E15
1009.5                    6.309669829916696E15
1010                      6.204793187312533E15
1010.5                    6.101288952585365E15
1011                      5.999143245530986E15
1011.5                    5.898346149504715E15
1012                      5.79889068040102E15
1012.5                    5.700765009078487E15
1013                      5.603952964712457E15
1013.5                    5.508451183656086E15
1014                      5.414248095248747E15
1014.5                    5.321331238972458E15
1015                      5.229689204832182E15
1015.5                    5.139312599762088E15
1016                      5.050190146717725E15
1016.5                    4.962310522328238E15
1017                      4.875659970889595E15
1017.5                    4.790230500042675E15
1018                      4.706011357727196E15
1018.5                    4.622991142551952E15
1019                      4.54115769585634E15
1019.5                    4.4604986324897925E15
1020                      4.3810057357028305E15
1020.5                    4.30266753446675E15
1021                      4.2254725505878875E15
1021.5                    4.149407458424763E15
1022                      4.0744626648078905E15
1022.5                    4.000628166221907E15
1023                      3.927892470985577E15
1023.5                    3.856244095479134E15
1024                      3.7856688859304235E15
1024.5                    3.716159564826935E15
1025                      3.6477046805606195E15
1025.5                    3.580292789072527E15
1026                      3.513911274688527E15
1026.5                    3.4485490673310855E15
1027                      3.384197138187991E15
1027.5                    3.3208441212784005E15
1028                      3.2584786824088735E15
1028.5                    3.1970873994102455E15
1029                      3.1366618077174225E15
1029.5                    3.0771914396644245E15
1030                      3.018665083678384E15
1030.5                    2.961071063493422E15
1031                      2.9043969979164095E15
1031.5                    2.8486362383185385E15
1032                      2.7937767924226205E15
1032.5                    2.7398070045488595E15
1033                      2.6867162596489015E15
1033.5                    2.63449387188191E15
1034                      2.583128647070171E15
1034.5                    2.5326101903622095E15
1035                      2.482928780482885E15
1035.5                    2.4340739641989955E15
1036                      2.386035344370778E15
1036.5                    2.3388025809361E15
1037                      2.292365392197287E15
1037.5                    2.2467135561644048E15
1038                      2.2018360474024282E15
1038.5                    2.1577236587006838E15
1039                      2.114366667119368E15
1039.5                    2.0717550931893718E15
1040                      2.0298790232229695E15
1040.5                    1.9887286104439305E15
1041                      1.9482940760719505E15
1041.5                    1.9085656444804005E15
1042                      1.8695327955722352E15
1042.5                    1.8311872323148538E15
1043                      1.7935194482928768E15
1043.5                    1.756520009751154E15
1044                      1.7201795564347768E15
1044.5                    1.684488802387406E15
1045                      1.6494385367079255E15
1045.5                    1.6150192491769648E15
1046                      1.581221782199937E15
1046.5                    1.5480379295132885E15
1047                      1.5154587773154572E15
1047.5                    1.483475490010416E15
1048                      1.4520793107430392E15
1048.5                    1.4212615618970952E15
1049                      1.3910136455565702E15
1049.5                    1.3613264333034932E15
1050                      1.33219201028654E15
1050.5                    1.3036032038167822E15
1051                      1.2755511030114788E15
1051.5                    1.2480271498168635E15
1052                      1.221023284226359E15
1052.5                    1.1945314859388462E15
1053                      1.1685438259249378E15
1053.5                    1.1430524594910535E15
1054                      1.1180496240715039E15
1054.5                    1.0935276385245144E15
1055                      1.0694789029382085E15
1055.5                    1.045895898596566E15
1056                      1.0227711879847956E15
1056.5                    1.0000974147923154E15
1057                      9.77867303898181E14
1057.5                    9.560736613353821E14
1058                      9.347093742322876E14
1058.5                    9.137674107307516E14
1059                      8.932408198818719E14
1059.5                    8.731227315194306E14
1060                      8.534063561117674E14
1060.5                    8.340849845922852E14
1061                      8.151519881694976E14
1061.5                    7.966008120424901E14
1062                      7.784248641348782E14
1062.5                    7.606178973522206E14
1063                      7.431736012878944E14
1063.5                    7.260857445730722E14
1064                      7.093481745741755E14
1064.5                    6.929548170732935E14
1065                      6.768996759321166E14
1065.5                    6.611768327398688E14
1066                      6.457804464456458E14
1066.5                    6.307047529758598E14
1067                      6.159440648371335E14
1067.5                    6.014927707050114E14
1068                      5.873453349992069E14
1068.5                    5.734962974457982E14
1069                      5.5994027262666325E14
1069.5                    5.466719495167653E14
1070                      5.3368609100986375E14
1070.5                    5.209775334326993E14
1071                      5.0854118604864325E14
1071.5                    4.963720305506599E14
1072                      4.844652368050323E14
1072.5                    4.7281605735782556E14
1073                      4.6141945444494894E14
1073.5                    4.50270692900257E14
1074                      4.393650998722219E14
1074.5                    4.2869807910990125E14
1075                      4.18265105123691E14
1075.5                    4.0806172104554694E14
1076                      3.980835375739667E14
1076.5                    3.883262243574544E14
1077                      3.787853822826534E14
1077.5                    3.6945695473953706E14
1078                      3.6033681694781644E14
1078.5                    3.514209084859742E14
1079                      3.4270523267968044E14
1079.5                    3.34185855986223E14
1080                      3.2585890737523925E14
1080.5                    3.177205777059059E14
1081                      3.097671191009254E14
1081.5                    3.0199484431759306E14
1082                      2.9440012611616544E14
1082.5                    2.869793966260314E14
1083                      2.7972914670974797E14
1083.5                    2.7264585337706756E14
1084                      2.6572613367640788E14
1084.5                    2.5896669958695006E14
1085                      2.523642712642353E14
1085.5                    2.4591562437730512E14
1086                      2.3961758946633756E14
1086.5                    2.3346705130017297E14
1087                      2.2746094823391328E14
1087.5                    2.215962715667677E14
1088                      2.1587006490048322E14
1088.5                    2.102794234984582E14
1089                      2.048214936458669E14
1089.5                    1.994934720109248E14
1090                      1.942925938210805E14
1090.5                    1.8921607741911206E14
1091                      1.8426134528092025E14
1091.5                    1.7942578987551175E14
1092                      1.7470685086792225E14
1092.5                    1.7010201449172253E14
1093                      1.6560881292404366E14
1093.5                    1.6122482366319338E14
1094                      1.5694766890911388E14
1094.5                    1.5277501494675394E14
1095                      1.487045715325372E14
1095.5                    1.447340912840832E14
1096                      1.4086136907327966E14
1096.5                    1.3708424142284558E14
1097                      1.3340062726915317E14
1097.5                    1.298084032104896E14
1098                      1.2630553737717075E14
1098.5                    1.228900302487621E14
1099                      1.1955992434672812E14
1099.5                    1.1631320559980286E14
1100                      1.131480087961625E14
